  0, 90, 46,100, 88, 92, 79, 69, 60, 48, 39, 27, 47,  6,100,  0, 2
 13, 67, 40,100, 65, 78, 37, 42,  0, 11,  6,  4, 60,  0,100, 19, 2
 23, 70, 51,100, 74, 82, 51, 46, 20, 15,  0,  4, 50,  0,100,  2, 2
 27, 82, 65,100,100, 89, 69, 62, 33, 39,  0, 15, 37,  1, 88,  0, 2
  0, 67, 25,100, 49, 73, 36, 33,  6,  0,  1,  6, 53,  3,100, 11, 2
  9, 88, 22,100, 26, 65, 16, 31,  0,  5, 33,  1, 66,  0,100,  3, 2
 19, 76, 53,100, 92, 81, 73, 40, 33, 13,  0,  0, 49,  5,100,  6, 2
  0, 83, 28, 96, 63,100, 72, 78, 58, 54, 50, 29, 65,  8,100,  0, 2
 39, 60, 64,100, 96, 84, 69, 41, 25, 12,  0, 15, 50,  0,100,  4, 2
  3, 74, 33,100, 52, 71, 33, 34,  3,  2,  0,  4, 51,  0,100,  1, 2
  0, 79, 27, 93, 60,100, 77, 80, 72, 54, 64, 28, 66,  4,100,  0, 2
 24, 72, 50,100, 61, 64, 33, 33,  0, 12, 29, 19, 64,  0,100, 10, 2
 18, 74, 49,100, 53, 67, 31, 31,  0,  0, 13, 11, 59,  2,100,  8, 2
  0, 77, 34,100, 82, 97, 72, 64, 39, 36,  4, 10, 48,  1,100,  0, 2
 10, 61, 35,100, 69, 88, 41, 46,  0, 13, 10, 28, 53,  0,100, 23, 2
  0, 83, 20,100, 67, 96, 73, 74, 64, 51, 51, 30, 56,  9,100,  0, 2
  9, 74, 38,100, 53, 78, 30, 43,  0, 17, 27,  8, 63,  6,100,  0, 2
 13, 78, 49,100, 65, 76, 38, 48,  4, 23,  0,  9, 54, 14,100,  0, 2
 28, 77, 40,100, 49, 67, 29, 32,  0, 18, 32, 14, 66,  0,100, 18, 2
 29, 97, 59,100, 46, 72, 14, 58,  0, 43, 32, 27, 64,  9,100,  0, 2
 19, 78, 40,100, 54, 75, 31, 45,  0, 19, 26,  9, 62,  0,100, 13, 2
  0, 74, 19, 98, 60,100, 46, 66, 22, 34, 15,  0, 59,  0,100, 11, 2
 41, 93, 88,100, 86, 75, 47, 53,  0, 38,  5, 25, 50, 10,100,  0, 2
 28, 69, 43,100, 77, 86, 60, 45, 29,  9,  0,  1, 52,  0,100,  6, 2
 16, 86, 44,100, 35, 59, 12, 25,  0,  4, 33,  3, 66,  1,100,  0, 2
 10, 68, 35,100, 59, 72, 37, 30,  0,  3, 15, 14, 58,  2,100,  0, 2
 53, 85, 60,100, 57, 67, 32, 39,  0, 15, 29,  5, 69,  0,100, 24, 2
  0, 91, 27,100, 31, 62, 16, 26, 10,  0, 40,  3, 70,  7,100,  8, 2
 11, 64, 23,100, 52, 84, 34, 45,  5, 10,  0,  0, 50,  3,100,  5, 2
  0, 75, 15,100, 47, 99, 42, 69, 31, 39, 30,  9, 63,  0,100,  1, 2
  9, 74, 32,100, 63, 84, 48, 48, 12, 19,  0, 13, 49,  4,100,  0, 2
  2, 76, 35,100, 76, 86, 57, 52, 18, 26,  0, 14, 51, 11,100,  0, 2
 25, 70, 40,100, 68, 81, 47, 46, 18, 14,  0,  0, 53,  3,100, 12, 2
 24, 61, 45,100, 90, 99, 68, 54, 29, 17,  0, 14, 51,  0,100,  5, 2
 18, 75, 51,100, 65, 72, 41, 35,  8,  3,  0,  0, 50,  6,100, 15, 2
  0, 75, 15,100, 47, 91, 41, 64, 27, 38, 16, 11, 53,  1,100,  0, 2
  1, 61, 11,100, 19, 66,  2, 27,  0,  1, 33,  0, 66,  1,100,  3, 2
 48, 81,  5, 96, 53,100, 55, 68, 24, 38,  0,  7, 48,  0,100,  2, 2
 11, 72, 45,100,100, 98, 90, 60, 49, 31,  0, 10, 15,  2, 74,  0, 2
 29, 78, 44,100, 47, 62, 29, 26,  0,  0, 27,  6, 64,  7,100, 17, 2
 14, 77, 37,100, 51, 74, 32, 41,  0, 18, 33, 16, 68,  0,100, 18, 2
  7, 77, 33,100, 56, 77, 34, 37,  0,  4,  4,  0, 53,  5,100, 20, 2
  0, 75, 47,100,100, 94, 94, 58, 60, 27,  7,  4, 30,  5, 98,  0, 2
 38, 67, 50,100, 73, 67, 41, 26,  0,  2,  9, 12, 54,  1,100,  0, 2
 38, 70, 61,100, 91, 86, 72, 53, 39, 24,  0,  0, 47, 12,100, 11, 2
 15, 85, 53,100, 78, 79, 47, 53,  4, 34,  0, 20, 49,  9,100,  0, 2
  1, 66,  8,100, 29, 77, 22, 35,  0,  2, 31,  0, 65,  4,100, 10, 2
 24, 64, 38,100, 68, 92, 48, 56, 17, 25,  0,  5, 51,  0,100,  9, 2
  0, 82, 25,100, 36, 68, 21, 33, 13,  7, 42,  2, 71,  0,100,  1, 2
 32, 76, 51,100, 70, 73, 39, 41,  0, 17, 10, 18, 54,  0,100,  6, 2
 28, 88, 55,100, 56, 69, 30, 41,  0, 16, 33,  7, 72,  0,100, 26, 2
  2, 75, 28,100, 66, 95, 48, 65, 22, 37,  0,  7, 47,  0,100,  1, 2
 42, 75, 70,100, 75, 66, 51, 29, 14,  0,  0,  6, 49, 13,100, 15, 2
  0, 73, 28,100, 69,100, 60, 68, 36, 38, 11,  9, 51,  0,100,  6, 2
 43, 72,  0, 89, 46,100, 67, 76, 49, 47, 26, 19, 46,  0,100,  3, 2
  3, 51, 38, 84, 99,100,100, 63, 57, 33,  0, 10, 12,  0, 82,  1, 2
  0, 87, 23,100, 47, 85, 33, 53, 17, 21, 33,  0, 66,  8,100, 18, 2
 58, 64, 69,100, 91, 71, 72, 33, 36,  4,  0,  1, 50,  6,100,  0, 2
  0, 80, 22,100, 57, 95, 46, 59, 25, 27, 31,  0, 67,  9,100, 21, 2
  8, 73, 22,100, 34, 65, 26, 29,  0,  2, 16,  0, 58,  3,100,  6, 2
  0, 76, 28,100, 66, 93, 61, 57, 35, 29, 19,  7, 60,  6,100,  0, 2
 13, 66, 24,100, 54, 86, 33, 45,  0, 17, 17, 17, 58,  6,100,  0, 2
 41, 84, 59,100, 53, 69, 28, 40,  0, 14, 32, 16, 67,  0,100, 21, 2
  0, 74, 30,100, 66, 87, 51, 51, 21, 21,  4,  0, 52,  1,100,  7, 2
  0, 82, 22,100, 50, 91, 48, 66, 38, 42, 33, 18, 55,  1,100,  0, 2
 13, 75, 44,100, 52, 65, 32, 30,  0,  0,  0, 11, 50,  5,100,  5, 2
  0, 62, 20, 90, 58,100, 58, 71, 37, 41, 23,  9, 58,  0,100,  4, 2
 24, 78, 43,100, 54, 75, 30, 43,  0, 16, 27,  4, 66,  0,100, 22, 2
  8, 68, 33,100, 52, 79, 31, 42,  0, 14, 24,  0, 64,  1,100, 19, 2
 13, 77, 44,100, 51, 68, 40, 36, 15,  7,  0,  1, 50,  3,100,  0, 2
 26, 84, 38,100, 52, 74, 30, 42,  0, 15, 20,  9, 62,  0,100, 18, 2
 36, 69, 56,100, 79, 82, 60, 47, 29, 17,  0,  0, 50,  4,100, 12, 2
 39, 74, 65,100, 65, 60, 38, 21,  0,  0, 23, 22, 62,  4,100,  4, 2
 23, 72, 44,100, 73, 86, 51, 50, 19, 20,  0,  8, 50,  0,100, 11, 2
 23, 86, 68,100, 91, 74, 53, 49,  9, 33,  0,  8, 49,  1,100,  0, 2
 14, 69, 34,100, 50, 74, 29, 36,  0, 21, 36, 23, 68,  0,100, 14, 2
 34, 71, 46,100, 54, 66, 32, 25,  0,  0, 21,  7, 61,  9,100, 20, 2
  0, 79, 25,100, 35, 66, 22, 30,  3,  0, 35,  1, 67,  4,100, 11, 2
  0, 83, 22,100, 38, 70, 27, 30, 14,  0, 42,  1, 71,  2,100,  5, 2
 25, 70, 54,100, 60, 66, 35, 27,  0,  1, 19, 10, 61,  0,100,  0, 2
 13, 78, 40,100, 53, 71, 32, 34,  0, 13, 25,  7, 62,  0,100,  1, 2
 28, 79, 55,100, 52, 68, 29, 39,  0, 15, 31,  1, 68,  0,100, 23, 2
 38, 88, 51,100, 60, 74, 35, 47,  0, 24,  9, 16, 51,  0,100,  9, 2
  0, 59, 18, 94, 52,100, 52, 61, 32, 26, 24,  0, 62,  7,100, 14, 2
  0, 86, 34,100, 62, 83, 38, 53, 10, 27,  7,  0, 54,  2,100,  5, 2
 14, 67, 29,100, 54, 72, 35, 32,  0,  4, 17, 10, 59,  0,100,  3, 2
 45, 72, 73,100, 85, 83, 51, 58, 10, 36,  0, 18, 48,  6,100,  0, 2
 20, 76, 39,100, 56, 79, 32, 46,  0, 22, 21, 18, 59,  1,100,  0, 2
 34, 69, 54,100, 62, 68, 36, 34,  0,  8,  6, 10, 52,  3,100,  0, 2
 26, 91, 74,100, 74, 77, 48, 53, 19, 30,  0,  5, 47,  0,100,  2, 2
 44, 64, 60,100, 97, 83, 77, 43, 39, 11,  0, 13, 51, 23,100,  0, 2
  1, 82, 32,100, 48, 71, 38, 41, 12, 13,  0,  6, 49,  0,100,  1, 2
  0, 83, 28,100, 59, 88, 42, 57, 22, 28, 31,  0, 70,  1,100,  2, 2
 19, 65, 24,100, 46, 81, 27, 45,  0, 12, 10,  1, 56,  0,100,  4, 2
  0, 81, 38,100, 66, 74, 42, 36,  6, 10, 10,  1, 55,  6,100,  0, 2
 15, 72, 38,100, 49, 67, 29, 29,  0, 16, 33, 22, 66,  8,100,  0, 2
 32, 68, 49,100, 91, 92, 59, 47, 13, 11,  0, 23, 46,  0,100,  5, 2
  0, 84, 36,100, 53, 79, 28, 50,  7, 22, 27,  0, 76,  5,100, 14, 2
  0, 80, 38,100, 50, 70, 30, 37,  0,  8,  3,  3, 52,  5,100,  0, 2
 14, 78, 52,100, 75, 75, 55, 40, 22, 10,  0,  6, 52,  7,100,  0, 2
  0, 78, 28,100, 59, 91, 44, 58, 22, 28, 25,  1, 63,  0,100,  2, 2
  0, 83, 34,100, 49, 68, 28, 30,  0,  1, 25,  0, 62,  7,100,  7, 2
  0, 68, 20, 98, 72,100, 68, 68, 38, 38,  7, 10, 45,  0,100,  3, 2
  0, 72, 33, 92, 73,100, 69, 72, 48, 46, 30, 19, 55,  0,100,  0, 2
 17, 78, 53,100, 68, 73, 37, 41,  0, 14, 25, 25, 62,  0,100, 15, 2
 31, 89, 51,100, 52, 67, 31, 39,  0, 19, 27,  9, 63,  0,100, 14, 2
 39, 97, 64,100, 50, 68, 26, 42,  0, 21, 34, 11, 68,  0,100, 19, 2
  0, 66, 15, 91, 64,100, 70, 76, 49, 51, 32, 24, 45,  1,100,  0, 2
  0, 85, 20,100, 47, 85, 33, 53, 12, 23, 27,  0, 64,  2,100,  9, 2
 38, 85, 36,100, 49, 70, 32, 39,  0, 17, 23,  1, 64,  0,100, 16, 2
  0, 71, 26,100, 47, 69, 31, 31,  1,  0,  0,  7, 50,  7,100,  5, 2
  0, 68, 14, 97, 67,100, 69, 68, 36, 39,  1, 11, 48,  7,100,  0, 2
  0, 85, 24,100, 49, 90, 38, 56, 24, 24, 37,  0, 69,  4,100, 14, 2
  6, 81, 40,100, 57, 78, 38, 50, 11, 24,  0,  5, 51,  8,100,  0, 2
 37, 97, 84,100, 92, 69, 51, 48,  4, 35,  0, 18, 49,  7,100,  0, 2
 29, 69, 48,100, 61, 71, 35, 35,  0,  5,  0,  0, 50,  2,100, 14, 2
 34, 87, 59,100, 56, 60, 34, 24,  0,  0, 18,  9, 59,  4,100,  2, 2
  3, 68, 21,100, 52, 87, 32, 51,  0, 22, 15,  4, 61,  0,100, 14, 2
  0, 88, 34, 99, 70,100, 68, 71, 46, 43, 33, 11, 64,  0,100,  5, 2
 34, 63, 51,100, 65, 72, 39, 33,  0,  5,  2,  8, 53,  7,100,  0, 2
 21, 68, 39,100, 49, 76, 27, 43,  0, 12,  3,  0, 53,  2,100, 13, 2
  4, 68, 19,100, 43, 75, 35, 35, 11,  0,  0,  5, 47, 13,100,  7, 2
  0, 87, 23,100, 44, 80, 36, 52, 23, 25, 25,  0, 63,  0,100,  4, 2
  2, 85, 29,100, 37, 71, 23, 41,  0, 15, 17,  0, 58,  2,100,  8, 2
 17, 73, 41,100, 55, 73, 32, 39,  0, 12, 13,  4, 58,  0,100,  8, 2
 11, 72, 38,100, 53, 72, 34, 35,  5,  3,  0,  1, 52,  0,100,  1, 2
 26, 71, 48,100, 74, 74, 46, 37,  5, 12,  0, 11, 50,  8,100,  0, 2
 12, 60, 24,100, 58, 90, 37, 47,  0, 14,  1,  0, 51,  0,100, 15, 2
  0, 68, 23,100, 54, 88, 41, 34, 10,  0, 22,  7, 61,  8,100,  8, 2
  0, 63, 24,100, 62, 81, 42, 37,  3,  6,  1,  9, 51,  2,100,  0, 2
  0, 67, 17,100, 56, 99, 49, 55, 25, 16, 14,  0, 56, 13,100, 13, 2
  0, 89, 15,100, 56, 97, 39, 64, 12, 33, 12,  2, 57,  0,100, 11, 2
 20,100, 42, 87, 29, 67, 13, 48,  0, 28, 13,  9, 55,  2,100,  0, 2
 16, 68, 37,100, 63, 90, 45, 48, 16, 11,  0,  1, 50,  0,100,  8, 2
 26, 80, 42,100, 46, 71, 26, 39,  0, 11, 34,  2, 69,  0,100, 22, 2
 26, 73,  0, 66, 38,100, 50, 90, 20, 47,  6, 19, 52,  0,100,  9, 2
  3, 72, 26,100, 50, 80, 31, 48,  0, 19, 13, 12, 65,  0,100, 17, 2
  4, 74, 38,100, 55, 71, 37, 35,  6,  5,  0,  7, 50,  6,100,  0, 2
  4, 84, 38,100, 51, 76, 38, 50, 17, 25,  0,  0, 49,  3,100,  4, 2
  0, 75, 39, 97, 95,100,100, 70, 65, 42, 23, 18, 12,  0, 69,  1, 2
  0, 75, 20,100, 49, 94, 42, 58, 28, 25, 38,  0, 70,  4,100, 12, 2
 11, 65, 34,100, 66, 77, 42, 38,  4,  8,  0,  2, 50,  7,100,  0, 2
 20, 79, 58,100, 80, 76, 46, 50,  0, 33,  4, 21, 50,  5,100,  0, 2
  0, 69, 22, 93, 55,100, 65, 73, 46, 41, 33,  8, 65,  0,100,  4, 2
  0, 85, 28,100, 53, 82, 31, 50,  7, 19, 25,  0, 63,  3,100,  4, 2
 22, 71, 44,100, 56, 74, 32, 32,  0,  0, 18, 15, 59, 24,100, 38, 2
  0, 68, 16,100, 51, 90, 35, 53,  7, 19,  8,  1, 58,  0,100, 17, 2
 59, 49, 48, 85,100,100, 95, 58, 55, 23,  0,  2, 21, 13, 82,  0, 2
 27, 70, 36,100, 66, 81, 57, 44, 30, 10,  0,  4, 48,  5,100,  0, 2
  0, 81, 26,100, 62,100, 67, 74, 59, 50, 47, 24, 61,  3,100,  0, 2
 26, 88, 49,100, 56, 74, 32, 45,  0, 21, 24,  5, 67,  0,100, 23, 2
 13, 73, 46,100, 56, 67, 40, 32, 13,  0,  0,  7, 49,  8,100,  6, 2
 13, 79, 35,100, 58, 77, 37, 41,  0, 12,  4, 13, 55,  0,100, 12, 2
  0, 84, 28,100, 43, 75, 29, 45, 12, 15, 28,  0, 64,  2,100,  7, 2
  0, 88, 27,100, 49, 74, 39, 41, 16, 16, 36,  4, 68,  0,100,  0, 2
 33, 76, 41,100, 57, 71, 34, 37,  0, 14, 25, 16, 65,  0,100, 17, 2
  0, 70, 34, 93, 82,100, 93, 72, 67, 44, 33, 20, 49,  3,100,  0, 2
  1, 72, 20,100, 42, 73, 32, 37,  5,  6,  0,  2, 51,  1,100,  0, 2
 13, 69, 37,100, 52, 73, 32, 37,  0,  9, 15, 12, 59,  0,100,  5, 2
  6, 67, 31,100, 66, 91, 48, 52, 17, 19,  0,  0, 50,  3,100,  3, 2
 13, 68, 27,100, 56, 86, 34, 44,  0,  9,  0,  0, 50,  0,100,  8, 2
 18, 82, 22,100, 39, 68, 27, 30,  0,  1, 23,  8, 67,  0,100, 20, 2
 33, 75, 51,100, 63, 71, 36, 31,  0,  0,  4, 16, 52, 15,100, 17, 2
  0, 94,  6,100, 44,100, 39, 63, 19, 29, 24,  0, 63,  5,100, 17, 2
 14, 78, 56,100, 88, 80, 71, 41, 36, 12,  0,  0, 49, 12,100,  7, 2
  0, 79, 33,100, 63, 82, 44, 49, 14, 22, 19,  1, 59,  1,100,  0, 2
 21, 74, 43,100, 52, 64, 32, 28,  0,  6, 22,  3, 61,  0,100,  1, 2
 46, 85, 42,100, 52, 73, 32, 41,  0, 16, 21,  7, 62,  0,100, 17, 2
  0, 77, 33,100, 55, 77, 38, 42, 11, 12,  2,  0, 51,  8,100,  8, 2
 29, 71, 50,100, 70, 77, 41, 49,  0, 28,  7, 18, 51,  4,100,  0, 2
  4, 65, 14,100, 24, 66, 16, 28,  0,  1, 34,  0, 66,  0,100,  0, 2
 11, 75, 26,100, 46, 81, 28, 46,  0, 17, 21, 19, 59,  0,100, 11, 2
  0, 87, 32,100, 55, 79, 51, 48, 33, 21, 25,  0, 62,  0,100,  4, 2
 23, 86, 62,100, 71, 71, 41, 43,  0, 24,  7, 17, 52,  7,100,  0, 2
 47, 66, 50,100, 92, 98, 78, 55, 47, 18,  0,  0, 46, 19,100,  0, 2
 38, 67, 44,100, 85, 96, 71, 58, 40, 24,  0,  7, 43, 17,100,  0, 2
  0, 64, 25, 90, 77,100, 76, 69, 51, 39, 18, 12, 43,  0,100,  4, 2
 33, 70, 46,100, 59, 80, 34, 48,  1, 21,  0,  2, 50,  0,100,  6, 2
  5, 63, 21,100, 49, 76, 33, 34,  0,  0,  5,  6, 53,  2,100,  8, 2
 63, 67, 74,100, 99, 80, 73, 39, 35,  7,  0,  3, 51,  4,100,  0, 2
  0, 81, 33,100, 52, 79, 36, 49, 12, 22,  7,  0, 53,  4,100,  7, 2
 42, 92, 64,100, 50, 49, 23, 16,  0, 10, 34, 11, 68,  4,100,  0, 2
 50, 71, 74,100,100, 81, 75, 47, 42, 17,  0,  1, 39, 11, 91,  0, 2
  0, 69, 29,100, 49, 75, 33, 36,  3,  4,  9, 14, 54,  6,100,  0, 2
 16, 72, 35,100, 46, 74, 26, 42,  0, 13,  4,  3, 53,  0,100,  4, 2
  0, 69, 37, 96,100,100,100, 65, 68, 34, 20,  9, 32,  0, 97,  1, 2
 27, 72, 56,100, 60, 66, 35, 26,  0, 12, 32, 16, 69,  0,100, 10, 2
  0, 78, 23,100, 52, 88, 39, 62, 25, 37, 11, 12, 47,  0,100,  4, 2
 26, 80, 42,100, 57, 69, 34, 30,  0,  0,  9, 20, 54, 27,100, 26, 2
 23, 80, 60,100,100, 88, 81, 61, 43, 40,  0, 23, 11,  5, 64,  0, 2
 37, 82, 57,100, 53, 65, 30, 36,  0, 16, 30,  0, 66,  2,100, 19, 2
  0, 64, 16,100, 47, 79, 35, 40,  6,  6, 11,  9, 58,  0,100,  4, 2
  2, 70,  0,100, 51,100, 65, 67, 41, 33,  6,  4, 47,  0,100,  2, 2
  0, 70, 22, 99, 50,100, 45, 59, 28, 22, 39,  0, 69,  4,100,  8, 2
 16, 71, 44,100, 64, 71, 40, 31,  0, 11, 23, 12, 66,  0,100, 15, 2
  0, 86, 29,100, 62, 95, 51, 62, 31, 32, 34,  2, 69,  0,100,  6, 2
 19, 80, 45,100, 49, 64, 29, 27,  0,  0, 25,  8, 63, 14,100, 21, 2
 33, 64, 58,100, 94, 90, 67, 51, 28, 19,  0, 15, 49, 16,100,  0, 2
 23, 82, 57,100, 60, 70, 34, 42,  0, 22, 20, 12, 59,  8,100,  0, 2
 28, 75, 49,100, 57, 63, 34, 26,  0,  3, 26, 11, 66,  0,100,  5, 2
  0, 88, 42,100, 68, 83, 52, 59, 29, 36,  9, 12, 48,  2,100,  0, 2
 48, 68, 57,100, 92, 91, 76, 54, 45, 21,  0,  0, 45, 22,100,  4, 2
  0, 80, 28,100, 55, 82, 37, 48, 11, 20, 24,  3, 62,  1,100,  0, 2
  0, 96,  9, 97, 50,100, 47, 64, 22, 32, 19,  0, 60,  5,100, 19, 2
 17, 92, 55,100, 69, 71, 38, 50,  0, 38, 23, 25, 61, 13,100,  0, 2
  0, 82, 30,100, 74, 97, 76, 72, 63, 47, 44, 24, 50,  0,100,  0, 2
  0, 80, 31,100, 70, 90, 53, 62, 27, 37,  7, 10, 48,  0,100,  1, 2
  7, 77, 43,100, 59, 77, 36, 41,  3, 10,  0,  0, 54,  0,100, 20, 2
  7, 51, 31, 90, 93,100, 99, 58, 59, 21,  0,  0, 35, 17,100,  5, 2
  0, 64, 12, 98, 47,100, 30, 63,  5, 29, 15,  3, 56,  0,100,  1, 2
 14, 71, 40,100, 49, 70, 27, 36,  0,  5, 25,  0, 66,  2,100, 19, 2
 20, 86, 42,100, 38, 64, 11, 35,  0, 22, 35,  0, 75,  1,100, 31, 2
 45, 82, 60,100, 56, 69, 31, 43,  0, 23, 28,  3, 65,  0,100, 16, 2
  2, 79, 32,100, 52, 70, 39, 36, 12,  6,  0,  7, 50,  7,100,  0, 2
 38, 85, 60,100, 58, 72, 33, 45,  0, 24, 15, 10, 58,  0,100, 10, 2
 29, 76, 50,100, 70, 74, 50, 42, 18, 16,  0,  0, 50,  7,100,  7, 2
 31, 75, 53,100, 68, 77, 49, 45, 21, 16,  0,  1, 50,  5,100,  0, 2
  0, 90, 41,100, 69, 86, 59, 64, 45, 43, 33, 22, 49,  3,100,  0, 2
  8, 62, 17,100, 61, 88, 41, 44,  0, 11,  8, 22, 58,  0,100, 14, 2
  0, 70, 33,100, 83, 97, 78, 59, 44, 26,  2,  0, 42,  1,100,  2, 2
  0, 62, 34, 93, 81,100, 85, 61, 53, 28, 11, 17, 56, 19,100,  0, 2
  0, 74, 18,100, 50, 94, 45, 62, 32, 32, 24,  4, 62,  0,100,  1, 2
  0, 69, 27, 95, 66,100, 76, 66, 61, 31, 37,  1, 58,  0,100,  6, 2
  0, 96, 51,100, 58, 78, 38, 56, 13, 35,  0, 14, 42,  1,100,  0, 2
 35, 69, 58,100, 85, 86, 65, 48, 35, 13,  0,  1, 53,  0,100, 25, 2
  0, 69, 24,100, 61, 94, 38, 37, 34,  0, 38,  4, 76,  2,100,  7, 2
 14, 77, 34,100, 52, 74, 30, 41,  0, 13, 25,  5, 66,  0,100, 23, 2
 22, 69, 40,100, 79, 87, 69, 52, 41, 22,  0,  0, 46,  2,100,  0, 2
  2, 66, 26,100, 78, 99, 77, 64, 41, 34,  0,  7, 47,  3,100,  0, 2
  0, 75, 24,100, 50, 84, 41, 44, 19, 14, 35,  0, 67,  0,100,  0, 2
  7, 79, 40,100, 47, 66, 34, 30,  6,  0,  0,  8, 49,  9,100,  9, 2
 47, 68, 59,100,100, 94, 81, 56, 47, 23,  0,  3, 45,  9, 99,  0, 2
 29, 73, 57,100, 97, 87, 81, 51, 45, 24,  0,  3, 45,  2,100,  0, 2
  0, 92, 31,100, 60, 88, 47, 54, 24, 25, 33,  0, 66,  2,100,  8, 2
  0, 87, 35,100, 57, 82, 41, 53, 22, 26, 26,  0, 66,  7,100, 20, 2
 21, 89, 36,100, 24, 61,  0, 31,  1, 21, 32,  2, 67,  0,100, 17, 2
 23, 75, 53,100, 75, 78, 44, 50,  0, 32,  2, 18, 50,  8,100,  0, 2
  0, 66, 16, 93, 83,100, 91, 73, 62, 46, 22, 21, 28,  0,100,  3, 2
  3, 74, 31,100, 45, 72, 28, 36,  0,  6,  9,  2, 57,  0,100, 13, 2
  0, 92, 35,100, 65, 86, 44, 56, 15, 30, 18,  2, 60,  0,100,  5, 2
  0, 89, 25,100, 31, 68, 17, 37, 11,  9, 40,  4, 70,  3,100,  0, 2
 24, 74, 46,100, 67, 72, 61, 38, 34,  8,  0,  0, 47,  7,100,  5, 2
 15, 75, 33,100, 58, 79, 35, 46,  0, 19,  7, 20, 52,  0,100,  7, 2
  0, 84, 45,100,100, 95, 99, 65, 65, 38, 24, 15, 29,  1, 86,  0, 2
  1, 61,  0, 92, 47,100, 62, 70, 42, 39, 16,  9, 49,  0,100,  7, 2
 45, 75, 44,100, 68, 75, 40, 34,  0,  8, 13, 15, 57,  0,100, 12, 2
 11, 77, 39,100, 52, 68, 33, 32,  0,  5,  7, 12, 54,  9,100,  0, 2
  0, 69, 20,100, 56, 86, 41, 49, 10, 19, 10,  5, 57,  0,100, 16, 2
  3, 58, 20,100, 41, 80, 22, 38,  0,  8, 33,  4, 66,  3,100,  0, 2
 16, 56, 30,100, 54, 79, 36, 31,  0,  3, 19,  9, 60,  7,100,  0, 2
 54, 70, 54,100, 93, 96, 75, 58, 42, 24,  0,  0, 44, 12,100, 11, 2
  0, 68, 34, 93, 99,100,100, 66, 66, 35, 13, 11,  1,  0, 76,  2, 2
  9, 80, 56,100,100, 87, 88, 51, 51, 23,  0,  4, 29,  4, 88,  0, 2
  0, 88, 24,100, 40, 76, 24, 50,  4, 25, 23,  4, 62,  0,100,  0, 2
  0, 68, 26,100, 69, 94, 62, 52, 31, 19, 18, 18, 60,  0,100,  8, 2
  0, 92, 27,100, 77, 97, 70, 70, 37, 46, 12, 20, 49,  2,100,  0, 2
 27, 70, 60,100, 94, 88, 73, 52, 39, 20,  0,  0, 45, 18,100,  4, 2
 24, 85, 69,100, 70, 68, 43, 35,  7,  9,  0,  0, 50,  7,100,  1, 2
  6, 73, 36,100, 45, 66, 31, 30,  0,  0,  5, 10, 52,  7,100,  9, 2
  0, 77, 15,100, 46,100, 45, 64, 31, 31, 35,  0, 67,  1,100,  8, 2
  0, 57, 27, 90, 84,100,100, 66, 67, 33, 21,  7, 24,  0, 84,  2, 2
 41,100, 69,100, 54, 69, 24, 50,  0, 36, 35, 31, 68, 14,100,  0, 2
  0, 86, 28,100, 59, 93, 57, 66, 38, 40, 34, 13, 66,  4,100,  0, 2
 46, 73, 64,100,100, 89, 80, 57, 48, 26,  0,  0, 14, 14, 92, 11, 2
  2, 82, 26,100, 36, 70, 22, 38,  0, 12, 26,  0, 63,  1,100,  4, 2
 14, 56, 27,100, 42, 69, 26, 27,  0,  5, 33,  0, 67,  0,100,  1, 2
 41, 84, 58,100, 62, 66, 35, 38,  0, 19, 24,  6, 64,  0,100, 16, 2
  0, 93, 42,100, 58, 73, 35, 43,  2, 20, 12,  7, 55,  1,100,  0, 2
  0, 83, 29,100, 63, 95, 46, 62, 25, 31, 25,  0, 63,  4,100, 14, 2
 16, 67, 32,100, 52, 78, 35, 38,  0, 11, 14, 19, 56,  0,100,  8, 2
 46, 78, 79,100,100, 77, 68, 51, 28, 35,  0, 16, 43,  6, 89,  0, 2
  0, 70,  9,100, 44, 97, 35, 60, 14, 27, 21,  0, 60,  0,100,  3, 2
  0, 76, 26,100, 52, 87, 42, 47, 19, 17, 37,  3, 69,  5,100,  0, 2
 12, 68, 25,100, 48, 79, 32, 46,  0, 22, 20, 16, 57,  0,100,  5, 2
 15, 82, 55,100, 94, 82, 67, 45, 28, 17,  0,  6, 51, 13,100,  0, 2
 21, 78, 51,100, 57, 62, 33, 27,  0,  1, 23, 10, 62, 12,100,  0, 2
 22, 83, 62,100, 73, 69, 43, 41,  0, 26,  6, 12, 52,  1,100,  0, 2
 39, 76, 61,100, 57, 57, 33, 21,  0,  1, 27, 16, 64, 11,100,  0, 2
 33, 79, 43,100, 60, 73, 42, 38, 12,  8,  0,  9, 50,  0,100,  8, 2
  0, 72, 19,100, 43, 87, 39, 51, 22, 18, 33,  0, 66,  5,100, 11, 2
  0, 75, 25, 99, 84,100, 88, 73, 66, 46, 37, 21, 37,  0,100,  1, 2
  0, 89, 34,100, 59, 81, 42, 53, 22, 26, 24,  0, 70,  7,100, 14, 2
  0, 79, 32,100, 54, 77, 42, 43, 19, 14, 15,  0, 56, 10,100, 11, 2
 26, 60, 43,100, 60, 74, 37, 33,  0, 10, 17, 16, 59,  9,100,  0, 2
  0, 76, 31,100, 67, 82, 47, 44, 13, 13,  5,  1, 52,  4,100,  0, 2
 19, 80, 34,100, 53, 70, 33, 32,  0,  1,  1,  0, 51,  1,100, 11, 2
 13, 71, 38,100, 63, 82, 38, 47,  0, 21,  8, 20, 54,  0,100, 14, 2
  0, 53, 34, 88, 88,100,100, 67, 63, 31, 16,  3, 41,  0, 98,  4, 2
 15, 67, 40,100, 60, 86, 36, 52,  0, 23,  3,  3, 56,  0,100, 19, 2
 44, 65, 64,100,100, 88, 80, 49, 45, 17,  0,  0, 29, 11, 79,  1, 2
  0, 85, 33,100, 55, 82, 44, 57, 28, 32, 17,  8, 55,  0,100,  1, 2
 37, 74, 74,100, 88, 68, 62, 32, 22,  3,  0, 11, 49,  4,100,  0, 2
  2, 70, 23,100, 50, 79, 32, 35,  0,  1, 10,  0, 54,  0,100,  1, 2
  0, 62, 19, 93, 84,100,100, 66, 71, 32, 20,  6, 25,  0, 93,  2, 2
 41, 72, 44,100, 84, 94, 72, 58, 41, 26,  0,  0, 41, 14,100,  6, 2
  8, 78, 36,100, 48, 72, 28, 38,  0,  9, 11,  3, 57,  0,100,  6, 2
  0, 74, 18,100, 67, 99, 57, 66, 27, 36,  0,  5, 48,  0,100,  5, 2
 42, 83, 54,100, 50, 64, 28, 33,  0, 13, 34,  0, 70,  1,100, 23, 2
 25, 81, 45,100, 54, 72, 33, 41,  0, 16, 15,  6, 61,  0,100, 20, 2
  5, 68, 45,100, 87, 83, 55, 45, 10, 13,  0, 12, 57,  0,100,  9, 2
  7, 72, 39,100, 64, 72, 42, 31,  0,  5,  2,  7, 52,  1,100,  0, 2
  1, 69, 26,100, 59, 85, 37, 46,  2, 14,  0, 16, 55,  0,100, 17, 2
 16, 75, 43,100, 66, 75, 44, 39, 10, 10,  0,  0, 50,  9,100, 18, 2
  0, 63, 22, 89, 83,100, 84, 67, 57, 35, 14,  8, 33,  0,100,  7, 2
  0, 93, 49,100, 88, 89, 78, 68, 57, 49, 41, 28, 51,  9,100,  0, 2
  0, 77, 26,100, 51, 85, 36, 49, 13, 19, 26,  0, 63,  2,100,  7, 2
 15, 74, 39,100, 69, 81, 42, 46,  0, 20, 20, 22, 61,  0,100, 15, 2
  6, 61, 33,100, 61, 76, 39, 27,  0,  1, 17,  3, 61,  0,100,  3, 2
 23, 79, 57,100, 78, 79, 51, 50, 10, 31,  0, 17, 49,  7,100,  0, 2
 18, 92, 51,100, 44, 64, 26, 30,  0,  0, 12, 20, 57, 14,100, 12, 2
  0, 85, 32,100, 64, 87, 50, 57, 28, 29, 24,  0, 63,  5,100, 15, 2
  0, 90, 40,100, 80, 85, 53, 59, 20, 35,  4,  9, 56,  0,100,  4, 2
 46, 88, 70,100, 63, 71, 36, 44,  0, 22, 12, 14, 58,  0,100, 18, 2
 15, 78, 44,100,100, 95, 76, 69, 37, 44,  0, 21, 14,  0, 83,  3, 2
  0, 74, 34,100, 83, 99, 81, 63, 48, 31,  6,  6, 47,  4,100,  0, 2
  0, 75, 29,100, 68, 97, 70, 61, 43, 29, 18,  2, 59,  0,100,  3, 2
 30, 83, 69,100, 66, 65, 38, 35,  0, 12,  4,  7, 52,  8,100,  0, 2
  0, 81, 33,100, 68, 91, 38, 65, 11, 36, 20,  5, 60,  1,100,  0, 2
 34, 76, 59,100, 66, 73, 37, 46,  0, 23, 19, 13, 61,  0,100, 20, 2
 15, 73, 46,100, 72, 65, 44, 25,  0,  3, 13, 10, 62,  0,100, 16, 2
  0, 63, 20,100, 57, 88, 45, 47, 14, 14,  8,  0, 53,  8,100,  3, 2
  0, 87, 22,100, 48, 97, 62, 78, 64, 55, 64, 32, 76, 11,100,  0, 2
  0, 88, 10, 98, 50,100, 44, 66, 27, 34, 19,  0, 59,  3,100, 13, 2
 45, 74, 45, 96, 90,100, 76, 62, 46, 28,  0,  0, 38, 18,100,  2, 2
 37, 65, 52,100, 57, 64, 31, 26,  0,  9, 31, 18, 65,  0,100,  5, 2
 38, 69, 60,100, 60, 60, 35, 24,  0,  7, 28, 15, 65,  4,100,  0, 2
  0, 82, 24,100, 54, 99, 50, 61, 34, 27, 41,  0, 71,  6,100, 17, 2
 14, 69, 39,100, 53, 71, 35, 33,  0,  8, 28, 12, 72,  0,100, 26, 2
  0, 62, 16,100, 37, 82, 24, 42,  8,  8, 38,  2, 69,  0,100,  0, 2
  0, 74, 32,100, 72, 88, 49, 56,  7, 34,  0, 21, 49, 11,100,  0, 2
 35, 76, 55,100, 72, 70, 43, 33,  0,  9, 15, 13, 64,  0,100, 13, 2
  5, 78, 41,100, 63, 74, 45, 41, 14, 13,  0, 11, 51,  7,100,  0, 2
  0, 73, 21, 92, 57,100, 79, 84, 74, 61, 68, 38, 71, 15,100,  0, 2
 27, 77, 59,100, 82, 75, 58, 43, 23, 15,  0,  0, 49, 10,100,  9, 2
 16, 65, 29,100, 59, 83, 38, 41,  0, 12,  8, 16, 55,  0,100,  7, 2
 10, 81, 44,100, 57, 74, 32, 42,  0, 16, 16,  5, 58,  4,100,  0, 2
  0, 88, 28,100, 71, 96, 63, 66, 36, 39, 23,  9, 64,  0,100,  2, 2
 16, 86, 46,100, 48, 64, 32, 31,  0,  3,  1,  6, 51,  5,100,  0, 2
 21, 76, 39,100, 45, 67, 27, 29,  0,  0, 25,  2, 63,  1,100,  2, 2
 23, 90, 55,100, 54, 66, 26, 40,  0, 31, 32, 19, 65,  2,100,  0, 2
  0, 82, 35,100, 58, 85, 42, 57, 21, 29, 15,  0, 58,  2,100, 11, 2
 23, 66, 31,100, 61, 84, 48, 46, 20, 13,  0,  0, 50,  2,100,  2, 2
 49, 76, 63,100, 67, 77, 34, 53,  0, 29,  8, 13, 53,  1,100,  0, 2
 16, 59, 30,100, 55, 87, 34, 45,  0, 12,  2,  0, 51,  4,100,  7, 2
  5, 75, 38,100, 58, 76, 35, 41,  4, 11,  0,  0, 49,  7,100,  3, 2
 17, 90, 29,100, 62, 82, 45, 35,  9,  0,  0,  3, 50,  4,100, 10, 2
  0, 82, 26, 98, 59,100, 67, 78, 55, 53, 49, 27, 65,  6,100,  0, 2
  0, 86, 26,100, 55, 96, 57, 68, 45, 41, 42, 12, 68,  1,100,  0, 2
  3, 77, 40,100, 70, 80, 52, 45, 20, 18,  0,  0, 50,  7,100,  1, 2
 41, 85, 62,100, 52, 65, 30, 36,  0, 15, 33,  7, 68,  0,100, 19, 2
  0, 85, 39,100, 83, 99, 87, 71, 60, 44, 32, 17, 55,  0,100,  1, 2
  0, 64, 24, 98, 68,100, 57, 58, 24, 25,  7,  6, 54,  7,100,  0, 2
 58, 65, 71,100, 90, 70, 63, 31, 23,  0,  0, 13, 48,  1,100,  4, 2
 31, 68, 46,100, 81, 88, 63, 49, 29, 16,  0,  5, 50,  0,100, 12, 2
 25, 74, 36,100, 61, 78, 39, 37,  5,  4,  0,  2, 50,  0,100,  1, 2
 10, 81, 42,100, 48, 67, 35, 34,  7,  4,  0,  7, 49,  0,100,  0, 2
  0, 77, 27,100, 54, 89, 33, 60, 11, 32, 16,  3, 58,  0,100,  3, 2
 31, 69, 49,100, 60, 70, 34, 36,  0, 13, 29, 21, 65,  0,100, 16, 2
  0, 71, 22,100, 61, 91, 49, 54, 21, 22,  6,  0, 53,  8,100,  7, 2
  2, 72, 33,100, 58, 79, 34, 46,  3, 15,  0,  2, 53,  0,100, 10, 2
  1, 63, 14,100, 56, 87, 38, 42,  0,  9,  2,  2, 51,  5,100,  0, 2
 49, 72, 64,100,100, 88, 78, 52, 43, 22,  0,  1, 40,  6, 90,  0, 2
  0, 74, 35,100,100, 96, 94, 63, 52, 35,  0, 11,  5,  0, 77,  6, 2
 16, 75, 41,100, 52, 64, 32, 27,  0,  0, 21,  9, 62,  2,100, 14, 2
  0, 89, 27,100, 42, 75, 29, 45, 15, 15, 37,  0, 69,  2,100,  6, 2
 24, 66, 43,100, 59, 65, 34, 28,  0,  1, 16, 11, 58,  0,100,  1, 2
  0, 73, 19, 99, 72,100, 70, 73, 32, 48,  5, 18, 46,  0,100,  0, 2
  9, 93, 53,100, 89, 80, 57, 52, 17, 30,  0,  5, 50,  2,100,  0, 2
 29, 72, 45,100, 78, 78, 60, 41, 25, 12,  0,  4, 50,  6,100,  0, 2
 12, 78, 40,100, 74, 77, 52, 41, 13, 14,  0, 17, 50,  8,100,  0, 2
 31, 73, 55,100, 55, 53, 33, 14,  0,  0, 30, 11, 65,  1,100,  1, 2
 33, 58, 19, 90, 78,100, 91, 62, 51, 28,  0,  2, 37,  1,100,  0, 2
 44, 66, 67,100, 80, 62, 47, 25,  5,  0,  0,  3, 50,  4,100,  7, 2
 29, 73, 56,100, 68, 71, 45, 38, 11, 12,  0,  8, 50,  6,100,  0, 2
 40, 79, 61,100, 78, 72, 46, 41,  0, 16,  1,  5, 61,  1,100,  0, 2
  3, 66, 16,100, 27, 69, 14, 32,  0,  0, 33,  5, 67, 10,100, 11, 2
 48, 95, 94,100,100, 73, 75, 47, 41, 25,  0,  5, 41,  1, 94,  0, 2
  0, 61, 22, 89, 59,100, 72, 73, 53, 42, 31, 12, 58,  0,100,  4, 2
  0, 89, 47,100, 89, 87, 74, 61, 45, 37, 15, 14, 43,  0,100,  1, 2
 34, 64, 52,100, 58, 57, 37, 16,  0,  0, 24, 20, 61,  1,100,  5, 2
  9, 61, 25,100, 59, 72, 42, 27,  0,  5,  5, 24, 53, 16,100,  0, 2
  0, 74, 28,100, 69, 99, 79, 63, 59, 28, 28,  0, 57,  0,100,  2, 2
 28, 75, 57,100, 93, 82, 71, 51, 33, 26,  0,  0, 49,  5,100, 16, 2
 41, 79, 47,100, 84, 94, 71, 52, 42, 16,  0,  3, 49,  7,100,  0, 2
 36, 69, 33,100, 64, 85, 43, 48,  0, 21,  6, 19, 57,  0,100, 20, 2
 28, 71, 43,100, 76, 79, 49, 47, 11, 21,  0,  0, 50,  1,100,  4, 2
  0, 84, 34,100, 67, 85, 60, 44, 31, 19, 26, 20, 64, 13,100,  0, 2
  0, 73, 28, 92, 73,100,100, 81, 85, 55, 58, 32, 36,  8, 79,  0, 2
  0, 85, 32,100, 76, 91, 70, 65, 38, 43, 11, 20, 50,  6,100,  0, 2
 37,100, 57, 91, 47, 50, 22, 20,  0, 17, 33, 17, 66,  4,100,  0, 2
  0, 89, 28,100, 64, 85, 43, 61,  9, 44, 23, 21, 62, 11,100,  0, 2
  0, 76, 24,100, 65, 97, 61, 63, 40, 31,  6,  5, 51,  2,100,  0, 2
  0, 95, 35,100, 59, 78, 61, 52, 46, 27, 22,  5, 56,  0,100,  1, 2
  5, 79, 19,100, 25, 66, 14, 32,  0,  3, 34,  0, 66,  5,100,  7, 2
 19, 88, 62,100,100, 81, 83, 48, 47, 23,  0,  6, 18,  0, 72,  1, 2
 32, 76, 70,100,100, 72, 66, 38,  7, 19,  0, 33, 59, 18, 91,  0, 2
 13, 71, 40,100, 65, 69, 41, 34,  0, 12,  2,  8, 51,  6,100,  0, 2
 40, 76, 62,100, 62, 69, 34, 40,  0, 16, 12, 11, 57, 10,100,  0, 2
 25, 76, 45,100, 77, 66, 57, 25,  9,  3,  0,  7, 53,  6,100,  0, 2
  0, 82, 26,100, 51, 80, 43, 50, 24, 22, 12,  2, 57,  1,100,  0, 2
 30, 81, 70,100, 69, 65, 39, 31,  0,  5,  7, 18, 52,  0,100,  4, 2
 54, 78, 77,100, 64, 60, 36, 27,  0,  2, 12,  4, 56,  2,100,  0, 2
 37, 79, 78,100, 94, 68, 60, 37, 10, 19,  0, 31, 55, 24,100,  0, 2
 23, 63, 31,100, 64, 84, 54, 45, 28, 10,  0,  5, 50,  3,100,  0, 2
 29, 72, 52,100, 63, 58, 39, 17,  0,  0, 18, 17, 59, 10,100,  3, 2
  4, 80,  0,100, 37, 82, 33, 53,  5, 28,  4,  6, 52,  2,100,  0, 2
  0, 79, 31, 94, 68,100,100, 88, 94, 62, 74, 39, 51, 18, 64,  0, 2
 32, 72, 57,100, 76, 71, 56, 35, 21,  7,  0,  4, 51,  0,100,  6, 2
 51, 91, 86,100, 70, 66, 43, 34,  8,  6,  0, 11, 49, 10,100,  0, 2
 45, 82, 39,100, 82, 99, 64, 43, 25,  5,  0,  0, 50,  4,100,  0, 2
 40, 67, 54,100, 91, 85, 69, 49, 34, 20,  0,  0, 49,  1,100,  0, 2
  0, 75,  8,100, 40, 91, 28, 59,  7, 31, 13,  8, 56,  5,100,  0, 2
  0, 72,  9,100, 68, 94, 74, 63, 49, 34,  6,  9, 30,  0,100,  1, 2
  0, 86, 37,100, 95, 92, 87, 67, 55, 44, 18, 23, 32,  2,100,  0, 2
  0, 75, 36,100, 63, 73, 47, 34, 14,  4,  4, 10, 52,  9,100,  0, 2
 26, 74, 54,100, 70, 70, 49, 37, 18,  7,  0,  7, 49, 15,100,  0, 2
 26, 80, 57,100, 72, 75, 54, 44, 24, 18,  0, 11, 50,  8,100,  0, 2
 44, 73, 66,100,100, 88, 74, 57, 33, 32,  0, 21, 53, 19, 99,  0, 2
  0, 99, 50,100, 77, 77, 59, 50, 29, 26,  0,  2, 48,  0,100,  4, 2
  9, 61, 16,100, 58, 96, 41, 53,  7, 18,  0,  8, 49,  2,100,  0, 2
 43, 75, 61,100, 94, 86, 75, 47, 43, 14,  0,  2, 49,  0,100,  1, 2
 19,100, 55, 99, 58, 67, 30, 39,  0, 15, 21,  0, 60,  1,100,  0, 2
 33, 64, 36,100, 59, 71, 44, 34,  0, 18, 32, 26, 71,  0,100, 22, 2
  8, 80, 40,100, 61, 67, 38, 31,  0, 12, 21, 27, 61, 10,100,  0, 2
 26, 76, 23,100, 52, 68, 43, 30,  0, 12, 49,  5, 97,  0,100, 32, 2
  0, 79, 19,100, 60, 93, 59, 64, 41, 38, 19, 12, 54,  1,100,  0, 2
 20, 73, 47,100, 62, 70, 41, 35, 11,  3,  0, 15, 49,  9,100,  0, 2
 14, 88, 49,100, 65, 77, 34, 53,  0, 31,  1,  7, 50,  0,100,  0, 2
 39, 69, 55,100, 96, 81, 80, 43, 45, 10,  0,  0, 44, 15,100,  3, 2
  0, 91, 34,100, 65, 83, 43, 56, 12, 36, 25, 13, 63,  7,100,  0, 2
 40, 63, 60,100,100, 82, 85, 40, 44, 11,  0,  0, 45, 19, 93,  3, 2
 42, 49, 34, 94, 81,100, 85, 53, 48, 16,  0,  0, 45,  3,100,  3, 2
 10, 89, 30,100, 49, 73, 29, 42,  0, 16, 20, 19, 64, 20,100,  0, 2
 26, 87, 64,100, 66, 57, 39, 21,  0,  0, 15, 29, 57, 21,100, 21, 2
 26, 87, 67,100, 80, 76, 61, 48, 33, 23,  0,  1, 48,  0,100,  3, 2
 30, 82, 52,100,100, 85, 81, 53, 38, 28,  0, 26, 56, 17, 97,  0, 2
  4, 68, 28, 98, 75,100, 64, 65, 31, 36,  0,  8, 43,  0,100,  6, 2
 29, 84, 65,100, 87, 74, 69, 45, 38, 19,  0,  0, 49,  6,100, 12, 2
 30, 76, 53,100, 82, 74, 66, 39, 31, 12,  0,  3, 50,  3,100,  0, 2
 21, 87, 61,100, 71, 66, 38, 36,  0, 12, 15,  1, 60,  1,100,  0, 2
  0, 79, 32,100, 69, 93, 54, 58, 25, 29,  4,  5, 52,  0,100,  2, 2
  0, 90, 31,100, 46, 72, 27, 42,  2, 17, 29,  4, 64,  2,100,  0, 2
 61, 77, 78,100, 94, 76, 77, 43, 47, 15,  0,  1, 47,  0,100,  4, 2
 33, 69, 57,100, 87, 75, 66, 39, 24, 15,  0, 15, 51, 14,100,  0, 2
  0, 73, 30,100, 68, 87, 56, 51, 25, 22,  2,  2, 51,  4,100,  0, 2
  0, 87, 32,100, 67, 84, 48, 50, 16, 23, 16,  2, 58,  3,100,  0, 2
 27, 73, 42,100, 62, 66, 41, 30,  0, 13, 38, 10, 82,  0,100, 34, 2
 18, 92, 66,100, 93, 81, 49, 56,  0, 35, 14, 16, 75, 10,100,  0, 2
 50, 60, 47,100, 92, 95, 88, 47, 48, 15,  0,  0, 49,  5,100,  3, 2
 44,100, 65,100, 54, 62, 30, 32,  0, 10, 29,  7, 64,  1,100,  0, 2
 11, 72, 39,100, 62, 77, 50, 42, 24, 12,  0,  0, 50,  3,100,  3, 2
 55, 76, 70,100, 95, 78, 72, 50, 40, 25,  0,  3, 40,  0,100,  2, 2
  0, 63, 23,100, 56, 78, 48, 34, 19,  0, 11, 13, 55, 23,100, 11, 2
  0, 78, 40,100, 80, 86, 70, 42, 40,  7, 14,  0, 56, 18,100,  3, 2
  0, 71, 20,100, 54, 91, 51, 55, 29, 22,  3,  0, 54,  3,100,  9, 2
 31, 87, 57,100, 55, 65, 30, 37,  0, 14, 26,  9, 62,  5,100,  0, 2
 53, 81, 86,100, 98, 69, 83, 37, 52,  9,  0,  3, 47,  0,100,  2, 2
 27, 66, 53,100, 76, 77, 49, 40,  9, 13,  0, 15, 50,  5,100,  0, 2
 43, 80, 28,100, 60, 73, 40, 38,  0, 14,  0,  3, 50,  0,100,  0, 2
 45, 69, 58,100, 94, 83, 75, 47, 39, 18,  0,  0, 50,  9,100,  2, 2
  0, 77, 33,100, 55, 71, 45, 35, 14,  8,  9, 19, 56, 17,100,  0, 2
 24, 91, 67,100, 61, 65, 36, 33,  0,  6,  0, 13, 50,  3,100,  0, 2
  0, 82, 43,100,100, 94, 90, 65, 55, 41, 13, 18, 28,  1, 92,  0, 2
 14, 66, 23,100, 41, 74, 24, 34,  0,  0, 22, 15, 61,  9,100,  3, 2
 56, 76, 75,100, 91, 67, 68, 33, 28, 10,  0, 17, 51, 14,100,  0, 2
  0, 77, 13,100, 57, 99, 60, 64, 38, 30, 11,  2, 57,  0,100,  6, 2
  6, 80, 45,100, 59, 70, 37, 39,  3, 13,  0,  9, 52,  5,100,  0, 2
 29, 71, 55,100, 74, 75, 59, 39, 30,  9,  0,  8, 49,  0,100,  2, 2
 40, 78, 62,100, 58, 67, 35, 39,  0, 32, 27, 22, 62,  7,100,  0, 2
  0, 88, 26,100, 56, 86, 45, 51, 26, 19, 34,  0, 69,  2,100, 10, 2
 31, 85, 63,100, 75, 71, 39, 43,  0, 17, 11,  4, 58,  1,100,  0, 2
 41, 75, 62,100,100, 94, 74, 67, 37, 43,  0, 20, 23,  2, 83,  0, 2
  0, 77, 26,100, 49, 87, 39, 54, 15, 26, 24, 11, 62,  4,100,  0, 2
 27, 84, 58,100, 76, 68, 57, 34, 16, 13,  0,  9, 50,  5,100,  0, 2
 13, 96, 56,100, 56, 75, 30, 53,  0, 32,  3, 11, 51,  5,100,  0, 2
 22, 72, 34,100, 62, 73, 38, 35,  0,  8,  5,  0, 53,  3,100,  8, 2
  7, 86, 44,100, 54, 70, 30, 39,  0, 13, 14,  4, 57,  2,100,  0, 2
 38, 79, 59,100, 89, 77, 69, 44, 31, 17,  0, 22, 54, 20,100,  0, 2
 51, 80, 56,100,100, 93, 82, 53, 45, 20,  0,  0, 42, 10, 94,  1, 2
 30, 84, 70,100, 78, 69, 63, 38, 34, 10,  0, 12, 46, 14,100,  0, 2
  6, 76, 33,100, 73, 75, 52, 39,  6, 16,  0, 31, 52, 17,100,  0, 2
 27, 99, 50,100, 40, 57, 19, 21,  0, 14, 33, 15, 65,  0,100, 12, 2
 42, 74, 67,100, 63, 53, 36, 15,  0,  0, 24, 20, 62, 11,100,  0, 2
  0, 95, 40,100, 74, 80, 40, 55,  1, 35, 15, 12, 63,  8,100,  0, 2
  0, 64, 17,100, 56, 98, 53, 58, 26, 26, 15,  4, 57,  4,100,  0, 2
  0, 87, 36,100, 56, 71, 37, 40,  1, 19, 15, 19, 61, 16,100,  0, 2
  0, 93, 43,100, 93, 90, 89, 63, 60, 39, 28, 17, 44,  0,100,  4, 2
 21, 69, 49,100, 87, 85, 69, 45, 32, 16,  0,  8, 50,  7,100,  0, 2
 14, 86, 46,100, 50, 63, 34, 28,  0,  5, 18,  8, 62,  1,100,  0, 2
 27, 70, 37,100, 72, 87, 63, 48, 35, 16,  0, 10, 50, 10,100,  0, 2
 15, 66, 14,100, 50, 89, 37, 51,  7, 18,  0, 12, 50,  8,100,  0, 2
 12, 63, 37,100, 61, 76, 37, 36,  5,  1,  0,  1, 49,  3,100,  0, 2
 32, 70, 45,100, 77, 84, 49, 49, 14, 20,  0,  0, 51,  9,100, 22, 2
 16, 68, 31,100, 76, 82, 70, 40, 28, 13,  0,  4, 55,  3,100,  0, 2
 51,100, 86, 94, 69, 61, 37, 34,  0, 12,  9,  0, 54,  2,100,  0, 2
 46, 95,  0, 94, 18,100, 94, 92, 59, 61,  4, 32, 49,  7,100,  0, 2
  0, 84, 34,100, 63, 75, 51, 39, 15, 16, 14, 27, 58, 14,100,  0, 2
 17, 78, 30,100, 55, 80, 31, 50,  0, 23,  4,  0, 52,  1,100,  5, 2
  0, 78, 21,100, 54, 97, 68, 72, 60, 43, 48, 16, 66,  0,100,  6, 2
 20, 80, 61,100, 68, 73, 38, 44,  0, 20, 16, 19, 58,  0,100, 15, 2
  0, 80,  8,100, 37, 81, 32, 49, 11, 22, 23,  6, 62,  5,100,  0, 2
 32, 71, 47,100, 83, 80, 70, 46, 31, 24,  0,  7, 50,  2,100,  0, 2
  0, 78, 23,100, 77, 99,100, 75, 70, 50, 30, 28, 29,  6, 84,  0, 2
  5, 84, 38,100, 53, 73, 32, 42,  0, 19, 29, 32, 69, 23,100,  0, 2
  0, 90, 41,100, 72, 84, 54, 55, 26, 30, 13,  3, 56,  0,100,  4, 2
  8, 98, 25,100, 29, 64, 21, 29,  0,  2, 33,  2, 67,  3,100,  0, 2
 24, 85, 59,100, 73, 63, 46, 29,  0, 16,  5, 29, 54, 19,100,  0, 2
  0, 77, 36,100, 94, 98,100, 69, 58, 44, 14, 21, 29,  2, 90,  0, 2
 65, 82, 93,100, 93, 71, 69, 44, 36, 20,  0,  0, 48, 12,100, 16, 2
 18, 76, 55,100, 65, 62, 38, 23,  0,  0, 13, 18, 57, 20,100, 16, 2
  9, 77, 18,100, 74, 95, 66, 68, 34, 43,  0, 19, 37,  2,100,  0, 2
  0, 63, 24,100, 52, 79, 37, 37,  5,  3,  6,  0, 53,  2,100,  1, 2
  0, 79, 35,100, 87, 99,100, 71, 63, 46, 23, 24, 46,  4, 98,  0, 2
 16, 37,  8, 82, 49,100, 55, 56, 26, 17,  0,  0, 50,  3,100,  3, 2
 17, 68, 27,100, 68, 86, 54, 49, 21, 20,  0,  5, 50,  4,100,  0, 2
 32, 71, 55,100, 72, 77, 56, 44, 32, 12,  0,  4, 43, 13,100,  0, 2
 52, 75, 69,100, 93, 77, 68, 43, 34, 15,  0,  1, 50,  2,100,  0, 2
  0, 73,  4,100, 70,100, 93, 70, 61, 38, 15, 12, 31,  0,100,  6, 2
 16, 76, 48,100, 72, 77, 42, 46,  0, 23,  2, 14, 53,  0,100, 13, 2
 30, 63, 44,100, 89, 96, 77, 56, 40, 24,  0, 11, 51, 19,100,  0, 2
  0, 76, 34,100, 70, 87, 48, 49, 16, 18, 11,  0, 55,  5,100, 10, 2
  0, 70, 31, 94, 99,100,100, 73, 55, 46,  8, 21, 19,  0, 88,  1, 2
 31, 67, 40,100, 81, 97, 69, 53, 39, 15,  0,  1, 49,  5,100,  0, 2
  0, 82, 33,100, 66, 87, 58, 54, 34, 27, 19,  0, 60,  1,100, 10, 2
  0, 90, 32,100, 48, 77, 34, 52, 12, 30, 12,  8, 56,  4,100,  0, 2
 29, 83, 60,100, 78, 64, 56, 27, 13,  2,  0, 19, 52, 18,100,  0, 2
 37, 80, 81,100, 95, 70, 68, 39, 32, 11,  0, 10, 48, 17,100,  0, 2
 48, 97, 89,100, 77, 71, 49, 46, 16, 23,  0,  0, 50,  3,100,  7, 2
 40, 78, 30,100, 79, 88, 71, 54, 42, 24,  0,  0, 43,  4,100, 10, 2
 20, 63, 29,100, 58, 76, 44, 36, 11,  4,  0,  1, 50,  0,100,  1, 2
 15, 76, 23,100, 81, 95, 78, 62, 43, 35,  0, 10, 38,  0,100,  3, 2
  0, 62, 18, 98, 56,100, 42, 60, 14, 25, 11,  0, 55,  6,100, 12, 2
 42, 73, 53,100, 94, 83, 79, 49, 43, 21,  0,  0, 47, 10,100, 14, 2
 52, 92, 91,100,100, 74, 77, 48, 41, 27,  0,  9, 35,  1, 89,  0, 2
 63, 78, 83,100,100, 80, 78, 53, 42, 30,  0,  8, 30,  0, 93,  3, 2
 85, 69, 81,100,100, 66, 76, 30, 36,  5,  0,  0, 50,  7, 99,  5, 2
  0, 66, 23,100, 53, 83, 41, 43, 14, 10, 13,  0, 56,  9,100, 12, 2
  0, 70, 11,100, 34, 88, 26, 55, 15, 23, 28,  0, 66,  7,100, 19, 2
 19, 74, 47,100, 81, 83, 57, 51, 18, 26,  0,  9, 54,  6,100,  0, 2
 45, 98, 82,100, 72, 57, 42, 22,  0,  0,  3,  2, 52,  4,100,  6, 2
 55, 73, 57,100, 92, 89, 75, 50, 43, 16,  0,  0, 44, 19,100, 12, 2
  0, 72,  1,100, 49,100, 72, 71, 43, 39, 10, 10, 51,  0,100,  1, 2
 48, 96, 67,100, 68, 57, 40, 23,  0, 15, 19, 30, 59, 12,100,  0, 2
  0, 71, 24,100, 64, 99, 69, 63, 53, 29, 28,  0, 57,  5,100, 10, 2
 48, 81, 29,100, 67, 88, 48, 40, 12,  3,  0,  8, 50, 14,100,  0, 2
  7, 72, 34,100, 79, 95, 67, 61, 33, 33,  0,  5, 48,  0,100,  1, 2
 49, 97, 77,100, 79, 60, 47, 28,  0, 11,  8, 24, 58, 14,100,  0, 2
 37, 78, 79,100, 89, 68, 60, 36, 16, 13,  0, 22, 56, 22,100,  0, 2
 12, 73, 29,100, 70, 87, 51, 53, 13, 28,  0,  4, 50,  0,100,  0, 2
  1, 68,  4,100, 55, 77, 55, 31,  7,  2,  0,  6, 60,  0,100, 19, 2
 18, 83, 53,100, 67, 75, 43, 47, 12, 22,  0,  0, 50, 11,100, 22, 2
 35, 78, 48,100, 76, 78, 57, 41, 24, 11,  0,  8, 50,  7,100,  0, 2
 41, 81, 48,100, 67, 71, 50, 36,  0, 26, 29, 19, 72,  0,100, 31, 2
  0, 79, 21,100, 31, 68, 22, 34,  7,  2, 34,  0, 69,  8,100, 11, 2
 36, 60, 40,100, 57, 68, 36, 29,  0,  3, 15,  8, 59,  0,100, 10, 2
  0, 56, 13,100, 50, 89, 40, 40, 10,  2, 12,  4, 58,  0,100, 17, 2
 62, 86, 97,100, 94, 71, 69, 46, 37, 22,  0,  2, 47,  0,100,  1, 2
 33, 91, 79,100,100, 79, 79, 56, 41, 37,  0, 20, 37,  7, 93,  0, 2
 14, 79, 37,100, 56, 79, 30, 52,  0, 27,  0,  2, 50,  0,100,  4, 2
  0, 79, 38,100,100, 94, 93, 66, 55, 41,  9, 19, 18,  0, 89,  2, 2
  0, 68, 34,100, 74, 88, 56, 40, 17, 10, 10, 23, 55, 12,100,  0, 2
 14, 78, 45,100, 62, 71, 34, 39,  0, 14, 15,  8, 58,  8,100,  0, 2
 15, 79, 43,100, 51, 68, 29, 31,  0,  2, 30,  7, 65,  0,100,  1, 2
  0, 66, 20,100, 51, 93, 50, 51, 33, 13, 25,  0, 62,  8,100,  7, 2
 33, 78, 67,100, 68, 67, 36, 40,  0, 17, 27,  1, 72,  0,100,  2, 2
  0, 85, 30,100, 48, 73, 33, 40,  9, 13, 24,  0, 65,  4,100, 10, 2
  0, 74, 27,100, 54, 77, 37, 42,  5, 14,  2, 17, 51,  9,100,  0, 2
  0, 89, 36,100, 56, 72, 38, 40,  8, 13,  1,  0, 51,  1,100,  0, 2
 14, 86, 50,100, 73, 80, 39, 53,  0, 28,  0,  4, 58,  1,100,  0, 2
  3, 85, 38,100, 59, 78, 45, 48, 22, 21,  0,  0, 52,  0,100,  1, 2
  9, 68, 29,100, 65, 91, 45, 58, 13, 31,  0,  6, 51,  6,100,  0, 2
  8, 85, 46,100, 58, 73, 36, 42,  5, 15,  0,  0, 50,  0,100,  2, 2
 23, 78, 26,100, 62, 85, 34, 55,  0, 27,  1,  0, 51,  0,100,  7, 2
 48, 62, 60,100, 61, 56, 37, 19,  0,  0, 20, 13, 60,  8,100,  1, 2
 25, 67, 41,100, 80, 91, 61, 53, 24, 26,  0, 15, 49,  6,100,  0, 2
 13, 83, 52,100, 75, 78, 44, 48,  4, 22,  0,  0, 54,  1,100,  6, 2
 22,100, 52, 98, 58, 62, 32, 33,  0, 13, 27,  9, 63,  5,100,  0, 2
  0, 85, 27,100, 54, 85, 44, 55, 22, 29, 33,  7, 66,  2,100,  0, 2
  0, 66, 12, 98, 45,100, 70, 79, 45, 49, 35, 15, 66,  0,100,  1, 2
 52, 69, 61,100,100, 93, 77, 60, 42, 31,  0,  3, 26,  0, 97,  1, 2
 32, 86, 72,100, 74, 71, 44, 44,  3, 22,  0, 18, 54, 18,100,  0, 2
 54, 69, 78,100, 70, 55, 39, 18,  0,  0, 16, 23, 58, 18,100, 10, 2
  0, 79, 31,100, 64, 88, 49, 58, 24, 30, 10,  1, 56,  0,100, 10, 2
 16, 73, 38,100, 60, 76, 40, 43,  7, 16,  0,  9, 50,  0,100,  1, 2
  0, 78, 25,100, 58, 77, 46, 37, 10, 12, 19, 24, 62,  9,100,  0, 2
  0, 82, 23, 98, 65,100, 75, 72, 53, 43, 28, 16, 58,  2,100,  0, 2
 16, 67, 30,100, 76, 97, 71, 57, 41, 23,  0,  0, 50,  3,100,  1, 2
  0, 80, 22,100, 43, 71, 36, 37,  9,  8,  7, 12, 54, 16,100,  0, 2
 12, 54, 30,100, 62, 87, 43, 39,  3,  7,  0,  1, 50,  0,100,  4, 2
 32, 71, 54,100, 82, 77, 62, 43, 24, 17,  0,  8, 50,  6,100,  0, 2
 34, 74, 75,100,100, 69, 76, 27, 34,  0,  0, 10, 49, 15,100,  5, 2
 16, 88, 47,100, 50, 69, 28, 38,  0, 13, 23,  1, 62,  1,100,  0, 2
  5, 96, 37,100, 66, 76, 42, 45,  4, 22,  0,  3, 50,  1,100,  0, 2
  0, 90, 43,100, 89, 87, 75, 59, 44, 36,  9, 14, 48,  5,100,  0, 2
 12, 66, 51, 92,100,100, 74, 70, 36, 42,  0, 15, 35,  0,100,  9, 2
  0, 64, 16,100, 57, 94, 37, 53,  0, 22,  5, 18, 52,  8,100,  0, 2
  0, 87, 35,100, 71, 87, 61, 53, 33, 28, 21,  3, 60,  0,100,  0, 2
  0, 76, 30,100, 82, 97,100, 71, 80, 44, 47, 20, 40,  0, 98,  0, 2
  8, 83, 32,100, 54, 73, 32, 43,  0, 21, 18,  6, 59,  4,100,  0, 2
 19,100, 36, 96, 34, 58, 13, 28,  0, 12, 34,  5, 67,  0,100,  4, 2
  9, 86, 48,100, 68, 76, 59, 46, 33, 21,  0,  0, 49,  3,100,  6, 2
 14, 76, 43,100, 72, 79, 46, 45, 12, 15,  0,  0, 50,  4,100,  7, 2
 11, 71, 16,100, 53, 79, 44, 41,  9, 14,  0,  6, 50,  3,100,  0, 2
 14, 88, 62,100, 97, 86, 70, 62, 34, 42,  0, 20, 45,  6,100,  0, 2
 29, 66, 53,100, 92, 91, 81, 52, 50, 18,  0,  0, 42,  6,100,  6, 2
 29, 81, 60,100, 90, 81, 68, 52, 34, 27,  0,  4, 47,  0,100,  1, 2
 22, 90, 67,100, 87, 80, 61, 57, 30, 34,  0, 12, 41,  0,100,  1, 2
  8, 72, 41,100, 70, 72, 47, 35,  9,  7,  0,  6, 50,  9,100,  0, 2
 15, 73, 39,100, 93, 95, 81, 62, 43, 34,  0, 10, 39,  0,100,  4, 2
 14, 63, 19,100, 63, 96, 60, 57, 27, 26,  0,  0, 50,  6,100, 12, 2
 17, 83, 57,100, 87, 83, 61, 58, 27, 36,  0, 13, 51,  8,100,  0, 2
  0, 86, 35,100, 66, 81, 66, 55, 51, 30, 26,  8, 49,  0,100,  1, 2
  0, 79, 27, 99, 66,100, 81, 75, 58, 49, 34, 22, 61,  4,100,  0, 2
 23, 80, 14, 80, 77,100,100, 70, 66, 39,  0, 19, 23, 12, 97,  0, 2
 10, 55, 33, 86, 95,100, 88, 70, 48, 43,  0, 18, 28,  0,100,  2, 2
  0, 66, 20,100, 56, 88, 44, 47, 14, 15, 13,  0, 56,  5,100, 11, 2
 40, 80, 63,100,100, 91, 84, 67, 52, 46, 18, 28,  0,  6, 47,  0, 2
  5, 68, 23,100, 63, 78, 55, 32, 14,  4,  0, 15, 50, 10,100,  0, 2
 10, 60, 31,100, 61, 82, 37, 36,  2,  0,  0,  0, 50,  2,100,  3, 2
 14, 78, 44,100, 63, 79, 41, 52, 13, 29,  0,  2, 50,  0,100,  8, 2
  0, 83, 43,100, 89, 85, 75, 57, 42, 32,  0, 11, 35,  0,100,  0, 2
 47, 72, 69,100,100, 83, 83, 46, 47, 17,  0,  0, 40,  7, 94,  4, 2
 12, 87, 58,100, 77, 74, 43, 45,  5, 20,  0,  3, 55,  1,100,  0, 2
 57, 56, 37, 92, 88,100, 94, 63, 51, 34,  0, 12, 41,  4,100,  0, 2
  5, 68, 22,100, 47, 75, 35, 35,  8,  1,  0,  2, 50,  4,100,  0, 2
  0, 91, 32,100, 49, 77, 39, 50, 21, 25, 20,  5, 60,  3,100,  0, 2
 27, 76, 62,100, 84, 76, 66, 41, 37, 11,  0,  3, 50,  1,100,  0, 2
  0, 86, 27,100, 46, 77, 43, 45, 31, 16, 34,  0, 66,  1,100,  2, 2
 43, 81, 72,100,100, 78, 77, 49, 41, 25,  0,  5, 39,  0, 93,  2, 2
  0, 78, 38,100,100, 96, 93, 69, 57, 45, 15, 21, 18,  3, 85,  0, 2
 16, 72, 40,100, 94, 95, 84, 64, 47, 37,  0, 14, 31,  1,100,  0, 2
 45, 85, 75,100, 70, 63, 43, 29,  5,  4,  0,  1, 50,  0,100,  0, 2
 44, 85, 76,100, 79, 70, 54, 41, 23, 16,  0,  0, 50,  5,100,  1, 2
 21, 74, 30,100, 72, 77, 66, 36, 31,  2,  0, 14, 52, 24,100,  0, 2
 35, 98, 60,100, 47, 63, 25, 30,  0,  4, 34,  2, 68,  0,100,  3, 2
 27, 90, 64,100, 67, 70, 37, 43,  0, 22, 12, 18, 64, 19,100,  0, 2
 31, 65,  0, 88, 40,100, 68, 72, 56, 32, 28,  0, 57,  1,100,  6, 2
  0, 73, 26,100, 56, 72, 40, 31,  3, 10, 19, 22, 63, 13,100,  0, 2
  0, 65, 24, 98, 63,100, 55, 61, 26, 29, 19,  0, 59,  1,100,  6, 2
 40, 71, 60,100,100, 85, 78, 46, 37, 20,  0,  4, 49,  3, 99,  0, 2
 30, 69, 38,100, 82, 88, 76, 53, 43, 24,  0,  0, 43,  6,100,  6, 2
 37, 85, 74,100, 73, 68, 49, 38, 19, 10,  0,  4, 51, 10,100,  0, 2
 18, 59, 41,100, 76, 81, 54, 35, 15,  0,  0, 14, 49, 14,100,  1, 2
 17, 59, 32,100, 57, 82, 32, 39,  0,  5, 19,  0, 59,  7,100, 14, 2
  0, 81, 27,100, 58, 90, 45, 58, 25, 30, 23,  0, 61,  2,100,  6, 2
 18, 66, 34,100, 76, 84, 51, 50,  0, 26, 12, 26, 58,  0,100, 20, 2
  0, 93, 41,100, 61, 77, 34, 52,  0, 30,  4, 10, 51,  3,100,  0, 2
 59, 71, 62,100, 90, 79, 67, 43, 28, 16,  0, 22, 50, 16,100,  0, 2
 10, 58, 26, 99, 67,100, 59, 57, 29, 22,  0,  0, 50,  7,100,  0, 2
 14, 65, 35,100, 64, 79, 48, 41, 16, 11,  0,  8, 50,  9,100,  0, 2
 57, 70, 57,100, 55, 66, 33, 36,  0, 16, 23,  9, 60,  0,100,  3, 2
 21, 77, 54,100, 57, 70, 31, 37,  0, 11, 17,  3, 58,  1,100,  0, 2
  0, 80, 25,100, 61, 89, 51, 57, 28, 28,  0,  2, 50,  0,100,  1, 2
 12, 78, 50,100, 79, 77, 44, 46,  1, 23,  0, 13, 53,  7,100,  0, 2
 36, 77, 55,100, 53, 57, 34, 19,  0,  0, 23, 19, 62, 14,100,  4, 2
 49, 73, 69,100,100, 77, 82, 40, 47, 11,  0,  0, 43, 11, 95, 11, 2
 32, 53, 41, 90,100,100, 94, 60, 56, 25,  0,  0, 30,  9, 99, 11, 2
  0, 92, 44,100, 88, 91, 82, 66, 55, 44, 26, 23, 51,  6,100,  0, 2
  7, 80, 21,100, 34, 72, 18, 41,  0, 12, 30,  1, 65,  0,100,  2, 2
  5, 78, 30,100, 50, 72, 30, 38,  0, 13, 25,  2, 62,  0,100,  5, 2
  0, 85, 32,100, 65, 88, 49, 52, 21, 24, 30,  6, 65,  4,100,  0, 2
 72, 77, 97,100,100, 73, 74, 42, 40, 16,  0,  0, 36,  6, 82,  4, 2
 36, 70, 42,100, 69, 70, 55, 32, 19,  3,  0,  8, 50,  9,100,  0, 2
  0, 74, 14,100, 53, 98, 43, 65, 18, 38, 20,  8, 59,  0,100,  6, 2
 61, 79, 90,100,100, 78, 76, 54, 42, 32,  7, 13,  0,  0, 49,  3, 2
 50, 81, 74,100,100, 75, 75, 43, 36, 20,  0, 28, 47, 23, 84,  0, 2
 45, 92, 37,100, 76, 99, 63, 47, 30,  5,  0,  0, 50,  8,100,  2, 2
  0, 78, 29,100, 69, 87, 62, 57, 34, 32,  2,  8, 48,  1,100,  0, 2
 22, 84, 41,100, 49, 69, 26, 40,  0, 11, 21,  0, 60,  6,100, 12, 2
 24, 82, 62,100, 76, 71, 52, 40, 13, 16,  0, 13, 52, 13,100,  0, 2
 64, 81, 59,100,100, 98, 78, 53, 42, 18,  0,  6, 47, 13, 95,  0, 2
 13, 83, 42,100, 59, 67, 35, 34,  0, 27, 30, 32, 65, 11,100,  0, 2
  0, 88, 40,100, 65, 81, 51, 55, 30, 29, 11,  4, 51,  0,100,  6, 2
  0, 95, 30,100, 55, 80, 34, 52,  6, 27, 21,  5, 67,  0,100,  3, 2
 32, 73, 59,100, 81, 71, 54, 36, 16,  9,  0,  2, 50,  2,100,  0, 2
  0, 93, 43,100, 78, 83, 66, 55, 36, 31, 11,  6, 53,  0,100,  1, 2
 48, 76, 62,100, 93, 79, 67, 39, 28,  8,  0, 12, 51, 16,100,  0, 2
  0, 80, 17,100, 41, 99, 60, 83, 53, 52, 56, 20, 77,  7,100,  0, 2
  0, 78, 31,100, 66, 77, 58, 34, 20, 12, 15, 21, 58, 13,100,  0, 2
  0, 91, 53,100, 97, 88, 79, 65, 47, 45, 15, 23, 39,  5,100,  0, 2
 26, 91, 70,100, 86, 75, 49, 52, 11, 29,  0,  3, 49,  0,100,  3, 2
  6, 89, 52,100,100, 91, 93, 65, 62, 43, 25, 23,  0,  2, 55,  0, 2
  0, 77, 28,100, 60, 85, 62, 51, 42, 21, 26,  2, 68,  0,100,  0, 2
 63, 81, 95,100, 95, 62, 66, 26, 21,  0,  0, 15, 48, 35,100, 15, 2
 19, 88, 53,100, 92, 84, 71, 53, 36, 29,  0,  5, 48,  1,100,  0, 2
  0, 72, 19,100, 27, 60, 10, 21,  2,  1, 35,  0, 68,  1,100,  8, 2
 10, 81, 37,100, 56, 62, 44, 21,  0, 13, 35, 25, 75,  0,100, 30, 2
  0, 71, 29,100, 70, 88, 65, 38, 28, 10, 11, 16, 56, 11,100,  0, 2
 16, 84, 56,100, 72, 65, 46, 29,  8,  0,  0, 16, 50, 17,100,  5, 2
  0, 75, 26,100, 61, 87, 55, 48, 24, 22, 26,  3, 65,  1,100,  0, 2
 24, 75, 60,100, 74, 63, 45, 25,  2,  0,  0, 15, 51, 19,100,  8, 2
  0, 82, 35,100, 73, 84, 65, 46, 32, 19, 14, 23, 59, 16,100,  0, 2
 46, 75, 44,100, 79, 90, 56, 44, 19,  6,  0,  6, 50, 10,100,  0, 2
 64, 86, 47, 96,100,100, 90, 63, 50, 35,  0, 14, 32, 15, 86,  0, 2
 22, 85, 49,100, 71, 77, 45, 51, 11, 30,  0, 11, 51,  7,100,  0, 2
 23, 88, 52,100, 51, 67, 30, 38,  0, 16, 27,  8, 64,  3,100,  0, 2
 35, 84, 71,100,100, 79, 72, 52, 35, 31,  0,  9, 39,  0, 88,  0, 2
  0, 75, 29,100, 74, 93, 69, 60, 41, 29,  0,  3, 37,  0,100,  6, 2
 12, 96, 60,100, 96, 81, 60, 55, 16, 33,  0,  8, 55,  2,100,  0, 2
  0, 85, 34,100, 68, 86, 61, 55, 31, 31, 20,  9, 61,  4,100,  0, 2
 40, 69, 61,100, 86, 68, 60, 26, 18,  0,  0, 18, 49, 23,100, 16, 2
 36, 53, 44,100, 60, 67, 38, 22,  0,  0, 14, 16, 57, 10,100,  5, 2
 23, 63, 42,100, 63, 65, 39, 22,  0,  0, 13, 20, 56, 18,100, 21, 2
 26, 93, 70,100, 75, 55, 44, 17,  0,  0,  6, 24, 54, 24,100, 12, 2
  0, 83, 38,100, 93, 97,100, 71, 70, 48, 34, 26, 27,  2, 84,  0, 2
  0, 71, 28,100, 65, 83, 55, 40, 20, 12, 13, 16, 57, 11,100,  0, 2
 55, 66, 51,100, 86, 87, 63, 42, 25,  9,  0,  4, 50,  8,100,  0, 2
 12, 69, 19,100, 78, 99, 83, 66, 47, 35,  0, 10, 29,  3,100,  0, 2
 30, 75, 47,100, 64, 69, 47, 35, 15,  8,  0,  0, 50,  5,100,  0, 2
 21, 66, 47,100, 65, 67, 40, 28,  0, 12, 18, 31, 60, 19,100,  0, 2
 33, 79, 75,100, 99, 75, 71, 45, 24, 25,  0, 29, 55, 21,100,  0, 2
 33, 76, 51,100, 77, 77, 41, 42,  0, 15,  2,  0, 51,  5,100, 12, 2
  9, 89, 54,100, 74, 74, 56, 44, 25, 18,  0,  3, 50,  5,100,  0, 2
  0, 82, 43,100,100, 91, 83, 65, 48, 42,  9, 18,  5,  0, 72,  4, 2
  9, 88, 46,100, 60, 78, 31, 55,  0, 34, 10, 13, 56,  7,100,  0, 2
  0, 70,  8,100, 56, 91, 69, 50, 38, 15, 10, 10, 58,  0,100, 15, 2
 43, 80, 46,100, 83, 79, 61, 39, 20, 12,  0, 14, 51, 16,100,  0, 2
  0, 93, 52,100, 94, 87, 80, 63, 53, 42, 23, 20, 42,  3,100,  0, 2
  0, 81, 34,100, 68, 83, 56, 52, 24, 29, 16, 20, 64, 17,100,  0, 2
  0, 83, 26,100, 53, 84, 42, 50, 16, 24, 27,  5, 66,  0,100,  7, 2
 13, 78, 38,100, 41, 68, 24, 36,  0, 10, 33,  3, 68,  0,100,  3, 2
 32, 63, 52,100, 86, 69, 70, 24, 24,  0,  0,  4, 53,  2,100,  1, 2
  0, 62, 22, 89, 69,100, 86, 77, 59, 50, 28, 26, 47,  4,100,  0, 2
  0, 80, 34,100, 60, 80, 34, 53,  1, 29,  0,  4, 49,  0,100,  1, 2
 11, 69, 42,100, 73, 71, 56, 29, 19,  0,  0, 11, 50, 13,100,  7, 2
 47, 90, 75,100, 75, 72, 55, 45, 26, 21,  0,  0, 49,  5,100,  4, 2
 61,100, 96, 98, 83, 49, 46, 14,  0,  0,  6, 29, 54, 27,100,  8, 2
 11, 72, 28,100, 66, 78, 56, 38, 19, 10,  0,  6, 50,  5,100,  0, 2
  0, 76, 27,100, 63, 82, 58, 40, 26, 12, 20, 16, 60,  8,100,  0, 2
 33, 77, 30,100, 63, 73, 43, 36,  0, 16, 29, 16, 78,  0,100, 32, 2
 21, 82, 55,100, 69, 65, 40, 26,  0,  0,  4,  6, 51,  6,100,  5, 2
  0, 83, 30,100, 78, 96,100, 74, 70, 51, 37, 30, 35,  7, 83,  0, 2
 26, 56, 39,100, 57, 74, 35, 29,  0,  0, 15, 26, 56,  7,100,  5, 2
 51, 71, 53,100, 87, 83, 69, 43, 34, 11,  0,  6, 50, 14,100,  0, 2
 13, 78, 35,100, 83, 96, 63, 66, 27, 42,  0, 13, 43,  0,100,  1, 2
  0, 79, 25,100, 51, 80, 53, 46, 37, 15, 30,  0, 65,  3,100,  1, 2
 13, 71, 30,100, 60, 79, 40, 42,  6, 13,  0,  9, 51, 11,100,  0, 2
  0, 95, 27,100, 32, 63, 15, 31, 11, 10, 41,  7, 70,  3,100,  0, 2
 38, 68, 56,100, 54, 50, 32,  8,  0,  0, 28, 16, 63,  2,100,  8, 2
 15, 63, 36,100, 68, 70, 50, 24,  8,  0,  0,  6, 50,  5,100,  4, 2
  0, 79, 28,100, 54, 90, 46, 62, 28, 36, 18,  9, 52,  0,100,  5, 2
  0, 81, 34,100, 77, 92, 73, 61, 46, 34, 17,  8, 52,  0,100,  3, 2
  7, 57, 15, 93, 65,100, 67, 63, 44, 27,  0,  0, 36, 11,100, 11, 2
  0, 73, 26,100, 66, 97, 62, 63, 37, 33, 12,  6, 58,  0,100,  2, 2
  8, 84, 37,100, 54, 72, 32, 42,  0, 18, 15, 10, 58,  5,100,  0, 2
  7, 83, 46,100, 59, 70, 39, 39,  5, 13,  0, 16, 53, 15,100,  0, 2
  0, 65, 13,100, 55, 87, 48, 42, 15,  9,  1, 17, 51, 12,100,  0, 2
  0, 75, 22,100, 58, 86, 56, 50, 29, 22, 14,  1, 58,  0,100,  4, 2
  2, 79, 48,100, 81, 75, 59, 33, 22,  0,  0,  3, 49, 13,100,  6, 2
 26, 64, 34,100, 65, 77, 43, 36,  1, 11,  0,  8, 50,  4,100,  0, 2
 11, 78, 35,100, 52, 73, 31, 43,  0, 20, 20,  9, 60,  4,100,  0, 2
  0, 75, 20, 97, 53,100, 71, 77, 49, 46, 35, 14, 66,  2,100,  0, 2
 37, 67, 40,100, 85,100, 74, 60, 43, 25,  0,  0, 46,  9,100,  9, 2
 23, 79, 37,100, 56, 68, 42, 32,  0, 14, 36, 12, 83,  0,100, 33, 2
 55, 95, 78,100, 71, 60, 41, 27,  0,  0,  1, 26, 52, 21,100,  4, 2
  0, 80, 22,100, 24, 66,  7, 34,  0, 14, 34,  9, 69,  4,100,  0, 2
 11, 77, 33,100, 50, 79, 27, 52,  0, 28, 11,  7, 55,  3,100,  0, 2
 14, 74, 36,100, 77, 93, 53, 58, 18, 29,  0, 15, 50,  9,100,  0, 2
 60, 74, 89,100, 96, 78, 68, 50, 34, 24,  0,  2, 51,  7,100,  0, 2
 54, 74, 72,100, 76, 70, 57, 38, 26,  9,  0,  3, 50,  0,100,  1, 2
  8, 66,  9,100, 45, 88, 37, 49,  0, 22, 20, 22, 66,  0,100, 25, 2
  0, 79, 25,100, 49, 80, 27, 48,  0, 19, 24,  1, 62,  0,100,  2, 2
  8, 91, 63,100,100, 82, 79, 55, 42, 31,  0, 11, 37,  1,100,  0, 2
 17, 85, 18,100, 46, 70, 39, 35,  0, 14, 34,  8, 88,  0,100, 23, 2
 42, 59, 53,100, 87, 81, 61, 41, 22, 12,  0,  1, 50,  1,100,  0, 2
 36, 85, 71,100,100, 82, 72, 56, 36, 35,  0, 13, 33,  0, 88,  0, 2
 12, 80, 57,100, 76, 74, 56, 41, 28, 10,  0,  4, 42, 13,100,  0, 2
 53, 78, 80,100, 96, 68, 68, 35, 23, 14,  0, 20, 51, 17,100,  0, 2
 39, 81, 58,100, 83, 67, 70, 30, 33,  0,  0,  8, 50, 23,100,  3, 2
 36, 59, 56,100, 73, 62, 49, 22,  0,  9, 34, 17, 73,  0,100, 29, 2
  0, 82, 28,100, 62, 87, 54, 54, 27, 28, 22, 10, 61,  4,100,  0, 2
 54, 73, 78,100, 90, 67, 67, 31, 29,  3,  0,  8, 49, 10,100,  0, 2
  1, 78, 16,100, 61, 93, 50, 64, 21, 39,  0, 11, 46,  0,100,  0, 2
  0, 57, 12,100, 47, 86, 40, 39, 10,  6, 16,  3, 58,  6,100,  0, 2
 63, 91, 66,100,100, 87, 65, 60, 28, 35,  0,  7, 47,  0, 88,  0, 2
  5, 67, 30,100, 60, 78, 41, 39,  5, 10,  0, 20, 49,  6,100,  0, 2
  3, 85, 42,100, 88, 89, 65, 60, 26, 36,  0, 11, 51,  0,100,  2, 2
  2, 85, 28,100, 53, 81, 31, 54,  0, 35, 35, 35, 67, 17,100,  0, 2
 42, 80, 72,100, 98, 67, 74, 29, 31,  3,  0, 15, 51, 14,100,  0, 2
 53, 69, 49, 91,100,100, 86, 66, 52, 36,  0, 18, 15,  9, 74,  0, 2
  0, 68,  8,100, 33, 90, 37, 50, 25, 11, 45,  0, 72,  6,100, 13, 2
 16, 89, 50,100, 71, 67, 45, 35,  0, 19, 10, 30, 57, 19,100,  0, 2
 29, 80, 62,100, 74, 63, 52, 26,  4,  8,  0, 30, 56, 25,100,  0, 2
 43, 91, 79,100, 63, 67, 34, 38,  0, 14, 11, 13, 56,  9,100,  0, 2
 60, 84, 94,100,100, 75, 72, 51, 39, 30,  0, 12, 46,  7, 94,  0, 2
  0, 71, 24,100, 60,100, 61, 63, 41, 29, 16,  0, 58,  3,100,  2, 2
 42, 82, 80,100,100, 82, 70, 58, 32, 37,  0, 14, 39,  0,100,  1, 2
 37, 83, 63,100, 83, 74, 62, 47, 30, 24,  0,  0, 50,  2,100,  4, 2
 10, 64, 29,100, 60, 90, 46, 52, 19, 18,  0,  8, 50,  5,100,  0, 2
  0, 81,  9,100, 40, 85, 33, 54, 11, 26, 18,  9, 60,  4,100,  0, 2
  0, 77, 30,100, 84, 98, 76, 65, 44, 36,  5, 10, 46,  2,100,  0, 2
 24, 88, 58,100, 56, 70, 30, 41,  0, 17, 12,  0, 56,  2,100,  3, 2
  0, 78, 16,100, 51, 74, 42, 37, 10,  8, 21, 18, 65,  0,100, 19, 2
 31, 78, 35,100, 77, 85, 76, 50, 43, 23,  0,  2, 48,  1,100,  0, 2
  0, 75, 28,100, 65, 93, 43, 59, 12, 29, 12,  3, 56,  0,100,  3, 2
 19, 68, 44,100, 81, 82, 67, 44, 30, 18,  0,  7, 50,  5,100,  0, 2
 16, 71, 29,100, 61, 81, 52, 44, 24, 12,  0,  2, 50,  5,100,  0, 2
  0, 78, 30,100, 62, 91, 48, 59, 24, 31, 14,  3, 57,  1,100,  0, 2
 38, 73, 62,100, 87, 75, 67, 39, 31,  9,  0, 10, 50, 20,100,  0, 2
  0, 82, 35,100, 74, 97, 68, 64, 40, 37, 18, 15, 58,  6,100,  0, 2
 32, 65, 51,100, 56, 51, 35,  6,  0,  0, 27, 19, 63,  9,100, 16, 2
 17,100, 46, 89, 40, 58, 17, 34,  0,  8, 33,  5, 67,  4,100,  0, 2
  0, 85, 22,100, 53, 83, 45, 55, 21, 31, 15,  6, 57,  1,100,  0, 2
 15, 75, 38,100, 55, 68, 37, 33,  3,  6,  0,  3, 50,  5,100,  0, 2
 24, 86, 57,100, 55, 72, 30, 47,  0, 26, 31,  9, 69,  1,100,  0, 2
  0, 76, 22,100, 64, 91, 54, 58, 24, 32,  2,  6, 51,  2,100,  0, 2
  0, 82, 27,100, 35, 70, 18, 40,  6,  8, 41,  0, 78,  1,100,  3, 2
 38, 79, 69,100, 76, 60, 46, 25,  3,  2,  0,  3, 50,  0,100,  1, 2
  0, 83, 26,100, 45, 80, 27, 52,  6, 27, 29, 10, 65,  5,100,  0, 2
 37, 78, 60,100, 81, 75, 63, 46, 29, 24,  0,  1, 50,  0,100,  4, 2
  6, 74, 37,100, 66, 91, 54, 53, 27, 21,  0,  0, 53,  0,100,  3, 2
 35,100, 79, 98, 70, 58, 40, 25,  0,  0,  4, 17, 53, 19,100,  2, 2
 24, 94, 40,100, 64, 78, 36, 48,  0, 23, 13,  9, 63,  5,100,  0, 2
 16, 77, 39,100, 49, 64, 28, 27,  0,  0, 32,  3, 68,  6,100,  3, 2
 10, 87, 55,100, 71, 71, 40, 38,  2,  9,  0,  0, 50,  8,100,  0, 2
 28, 78, 57,100, 61, 67, 33, 33,  0,  7, 17,  0, 59,  1,100,  0, 2
 33, 80, 67,100,100, 76, 80, 38, 42, 12,  0,  6, 42, 19, 87,  0, 2
  2, 81, 28,100, 68, 83, 67, 49, 37, 23,  0,  1, 48,  0,100,  1, 2
  0, 70, 19,100, 43, 77, 36, 44, 13, 15, 11, 15, 57, 14,100,  0, 2
 24, 78, 37,100, 54, 62, 31, 27,  0, 18, 45, 10, 88,  0,100, 31, 2
 15, 73, 48,100, 64, 77, 38, 43,  8, 11,  0, 21, 48, 15,100,  0, 2
 44, 81, 72,100,100, 84, 74, 59, 37, 38,  0, 17,  7,  0, 65,  3, 2
 30, 59, 46,100, 49, 47, 27,  5,  0,  7, 33, 16, 66,  0,100,  4, 2
 20, 93, 74,100,100, 83, 78, 64, 41, 46,  0, 29, 11, 11, 78,  0, 2
  7, 71, 42,100, 70, 71, 45, 31,  5,  3,  0, 10, 50,  8,100,  0, 2
 28, 58, 25, 97, 68,100, 69, 59, 44, 22,  0,  0, 47, 10,100,  1, 2
 43, 80, 65,100, 98, 88, 69, 50, 29, 20,  0, 12, 52, 19,100,  0, 2
 63, 88, 84,100, 93, 67, 69, 34, 28,  8,  0, 14, 51, 19,100,  0, 2
  0, 78, 25,100, 66, 98, 87, 71, 62, 40, 32, 13, 58,  0,100,  3, 2
 34, 80, 65,100,100, 80, 80, 51, 41, 28,  0,  7, 37,  0, 95,  5, 2
 15, 97, 35,100, 55, 78, 26, 55,  0, 32, 33, 14, 78,  5,100,  0, 2
 14, 65, 36,100, 67, 82, 50, 40, 17,  6,  0,  0, 50,  4,100,  2, 2
 41, 80, 54,100, 92, 83, 76, 49, 43, 19,  0,  0, 43, 17,100,  2, 2
  1, 55,  7,100, 30, 92, 20, 45,  0,  4, 23,  0, 61, 10,100, 12, 2
 50, 85, 84,100, 76, 60, 48, 24,  7,  0,  0,  2, 50,  4,100,  4, 2
  4, 61, 18,100, 58, 88, 43, 43,  5, 13,  0, 17, 48,  0,100,  1, 2
  0, 54,  4,100, 43, 98, 36, 48, 10,  6, 11,  2, 56,  9,100,  0, 2
 65, 90, 97,100, 95, 73, 72, 48, 39, 25,  0,  5, 43,  0,100,  0, 2
 34, 89, 64,100, 63, 56, 37, 20,  0,  1, 18, 23, 58,  8,100,  0, 2
  0, 78, 27,100, 42, 70, 29, 33,  1,  4, 14,  5, 57,  0,100,  4, 2
 25, 74, 47,100, 66, 74, 41, 44,  4, 20,  0,  9, 49,  1,100,  0, 2
  0, 90, 15,100, 24, 67, 11, 34,  2, 11, 35,  5, 67,  2,100,  0, 2
  0, 76, 28,100, 48, 75, 34, 43, 11, 13, 16,  0, 57,  3,100,  3, 2
  0, 72, 22,100, 51, 80, 31, 49,  0, 21,  4,  9, 54, 13,100,  0, 2
  0, 89, 52,100, 94, 89, 77, 63, 49, 40, 19, 17, 40,  0,100,  3, 2
  0, 74, 26, 98, 64,100, 76, 71, 56, 41, 30, 14, 60,  1,100,  0, 2
 25, 87, 53,100, 65, 64, 38, 33,  0, 19, 46, 19, 87,  0,100, 31, 2
 28, 87, 70,100, 68, 68, 40, 39,  5, 13,  0,  9, 51,  8,100,  0, 2
 49, 76, 47, 93,100,100, 88, 57, 48, 24,  0,  0, 43, 11, 97,  0, 2
 23, 98, 53,100, 57, 63, 29, 35,  0,  9, 25,  0, 62,  3,100,  3, 2
  8, 70, 25,100, 50, 72, 42, 34, 10,  5,  0,  9, 50,  5,100,  0, 2
 23, 59, 26,100, 64, 98, 58, 57, 33, 20,  0,  0, 50, 10,100,  5, 2
 60, 88, 89,100, 93, 70, 71, 39, 40, 12,  0,  0, 48,  0,100,  1, 2
 19, 68, 32,100, 68, 79, 59, 39, 25, 10,  0,  4, 50,  4,100,  0, 2
  1, 72, 34,100, 60, 84, 43, 46, 13, 13,  0,  0, 54,  2,100,  4, 2
 31, 76, 62,100, 89, 82, 61, 52, 24, 26,  0, 10, 50,  7,100,  0, 2
 51, 63, 59,100, 79, 70, 56, 31, 20,  0,  0,  6, 47, 24,100, 19, 2
  0, 76, 24,100, 58, 95, 53, 58, 31, 26,  9,  1, 54,  1,100,  0, 2
 15, 94, 57,100, 59, 66, 33, 35,  0,  8,  7,  0, 53,  2,100,  1, 2
  0, 82, 42,100,100, 90, 86, 62, 46, 39,  1, 17, 26,  1, 93,  0, 2
  0, 84, 47,100,100, 88, 82, 61, 47, 38,  5, 16, 28,  0, 98,  1, 2
  0, 75, 28,100, 66, 71, 55, 34,  5, 12, 22, 11, 80,  0,100, 32, 2
 63, 81, 92,100,100, 70, 76, 38, 43, 10,  0,  0, 46,  4, 97,  7, 2
 29, 71, 45,100, 83, 78, 68, 38, 33,  7,  0,  9, 52, 20,100,  0, 2
 34, 69, 23,100, 65, 98, 58, 63, 32, 32,  0,  3, 47,  0,100,  7, 2
 16, 71, 20,100, 52, 81, 36, 49,  5, 22,  0,  2, 50,  3,100,  0, 2
  0, 65, 16, 93, 49,100, 65, 77, 48, 45, 36, 11, 66,  0,100,  1, 2
  5, 72, 32,100, 83, 92, 73, 60, 44, 30,  0,  6, 39, 12,100,  0, 2
 27, 82, 52,100, 62, 72, 32, 45,  0, 20, 11,  0, 55,  2,100,  6, 2
 53, 91, 75,100, 74, 69, 53, 39, 22, 13,  0, 11, 51, 15,100,  0, 2
 16, 94, 56,100, 76, 76, 43, 52,  6, 30,  0,  6, 49,  1,100,  0, 2
  0, 88, 33,100, 64, 87, 47, 56, 22, 31, 28,  6, 64,  1,100,  0, 2
  1, 92, 38,100, 52, 72, 29, 41,  0, 14,  9,  0, 54,  3,100,  5, 2
  0, 64, 16,100, 57, 89, 40, 48,  2, 17,  1, 18, 49,  0,100,  0, 2
 31, 72, 56,100, 70, 76, 47, 45, 15, 17,  0,  4, 50,  0,100,  0, 2
 68, 94, 49,100, 78, 88, 42, 61,  0, 37, 25, 16, 79,  8,100,  0, 2
 23, 75, 54,100, 62, 58, 39, 18,  0,  0, 14, 19, 57,  5,100, 10, 2
 42, 79, 45,100, 79, 86, 60, 46, 29, 12,  0,  6, 50, 10,100,  0, 2
  7, 69, 17,100, 30, 70, 20, 33,  0,  2, 25,  0, 62,  2,100,  7, 2
 59, 84, 83,100, 91, 70, 74, 41, 38, 19,  0,  0, 49,  0,100,  4, 2
  7, 58, 31,100, 59, 71, 41, 22,  0,  0,  7, 22, 54, 12,100,  0, 2
 49, 74, 56,100, 76, 75, 50, 37, 14,  6,  0,  8, 50,  9,100,  0, 2
  9, 90, 46,100, 74, 74, 62, 42, 29, 18,  0,  0, 49,  2,100,  1, 2
 20, 76, 54,100, 88, 82, 61, 53, 20, 28,  0, 19, 59, 21,100,  0, 2
 36, 65, 49,100, 73, 71, 58, 33, 27,  1,  0,  1, 50,  6,100,  0, 2
 38, 75, 62,100, 56, 76, 28, 50,  0, 24,  4,  0, 52,  1,100,  6, 2
 39, 91, 66,100, 55, 67, 31, 39,  0, 19, 32, 15, 66,  0,100,  1, 2
 21, 66, 50,100, 82, 73, 66, 32, 24,  7,  0, 21, 50, 12,100,  0, 2
  0, 70,  6, 98, 46,100, 76, 77, 50, 46, 24, 17, 58,  0,100,  1, 2
 50, 74, 65,100, 70, 62, 40, 25,  0,  0,  4,  3, 52,  5,100,  8, 2
 16, 67, 35,100, 50, 70, 36, 34, 15,  0,  0, 21, 48, 20,100,  9, 2
 42, 67, 69,100, 79, 59, 47, 22,  2,  0,  0, 16, 50, 24,100, 19, 2
 28, 72, 60,100, 88, 73, 56, 37,  9, 14,  0, 14, 52,  0,100,  5, 2
  0, 63, 36,100, 81, 93, 66, 44, 30,  5,  0,  0, 47, 19,100, 10, 2
 42, 70, 54,100, 85, 91, 63, 60, 32, 33,  0,  7, 47,  0,100,  2, 2
 20, 82, 11, 97, 93,100,100, 76, 61, 52, 11, 30,  0,  7, 85,  0, 2
 44, 69, 70,100, 89, 75, 59, 40, 19, 14,  0, 13, 51, 11,100,  0, 2
 14, 71, 29,100, 66, 76, 50, 35, 11,  7,  0, 15, 50,  8,100,  0, 2
 39, 96, 63,100, 52, 43, 28,  0,  0,  4, 33, 15, 66,  0,100,  0, 2
 35, 69, 55,100, 87, 81, 70, 44, 34, 17,  0,  4, 50,  5,100,  0, 2
  0, 91, 44,100, 74, 78, 71, 51, 48, 26, 12,  5, 42,  0,100,  1, 2
 43, 62, 33,100, 79, 92, 74, 47, 39, 14,  0,  0, 49, 10,100,  8, 2
 48, 68, 59, 95,100,100, 78, 62, 43, 31,  0,  9, 40, 11, 88,  0, 2
 23, 76, 39,100, 50, 67, 29, 35,  0, 11, 29,  8, 65,  7,100,  0, 2
  0, 68, 26,100, 48, 75, 28, 33,  0,  2, 29,  0, 64,  2,100,  1, 2
 14, 78, 38,100, 82, 81, 69, 46, 24, 24,  0, 30, 54, 21,100,  0, 2
 19, 80, 46,100, 46, 66, 28, 35,  0, 12, 24,  1, 63,  0,100,  1, 2
  0, 66, 24, 96, 56,100, 45, 63, 24, 30, 15,  0, 57,  4,100,  7, 2
 36, 79, 20,100, 67, 81, 53, 43,  0, 20,  8, 25, 59,  0,100, 17, 2
 41, 75, 46,100, 87, 86, 70, 53, 38, 25,  0, 19, 53, 18,100,  0, 2
 23, 65, 37,100, 72, 83, 64, 45, 36, 12,  0,  3, 48, 10,100,  0, 2
  4, 73, 44,100, 83, 81, 55, 43, 12, 15,  0, 22, 52, 20,100,  0, 2
  0, 99, 27,100, 49, 83, 51, 55, 43, 29, 44,  3, 72,  0,100,  2, 2
 20, 98, 49,100, 51, 65, 31, 36,  0, 16, 28, 10, 64,  5,100,  0, 2
  0, 71, 39, 94,100,100,100, 73, 54, 48, 11, 23, 33,  1, 95,  0, 2
 15, 81, 42,100, 71, 81, 54, 54, 27, 30,  0,  5, 45,  0,100,  1, 2
 44, 81, 68,100, 85, 74, 69, 46, 40, 21,  0,  0, 41,  5,100,  8, 2
 32, 81, 70,100, 95, 83, 69, 55, 35, 31,  0,  9, 49,  2,100,  0, 2
 12, 78, 43,100,100, 97, 78, 66, 38, 40,  0, 13, 38,  0,100,  3, 2
 32, 67, 48,100, 82, 83, 72, 48, 43, 19,  0,  0, 47, 13,100, 12, 2
  0, 73, 30,100, 62, 86, 46, 48, 13, 22, 21, 21, 58,  4,100,  0, 2
  0, 82, 37,100, 75, 87, 61, 55, 34, 27,  9,  5, 56,  5,100,  0, 2
 20, 69, 35,100, 68, 82, 59, 44, 30, 12,  0,  0, 50,  6,100,  6, 2
  0, 83, 26,100, 58, 92, 47, 58, 22, 31, 34,  4, 67,  0,100,  0, 2
  0, 79, 34,100, 57, 80, 46, 45, 18, 14, 10,  0, 59,  1,100,  2, 2
 16, 65, 27,100, 50, 70, 33, 33,  0,  3,  1,  0, 50,  5,100,  4, 2
  4, 82, 47,100, 84, 85, 77, 50, 44, 21,  0, 13, 53, 16,100,  0, 2
 11, 76, 30,100, 42, 68, 27, 34,  0,  5, 16, 17, 58,  8,100,  0, 2
 48, 72, 78,100,100, 80, 69, 48, 32, 22,  0, 18, 45, 17, 88,  0, 2
 26, 71, 52,100, 76, 76, 50, 40, 12, 11,  0,  0, 50,  2,100,  5, 2
 42, 79, 53,100, 68, 75, 48, 48, 17, 24,  0, 10, 50,  7,100,  0, 2
  0, 57, 14, 91, 50,100, 55, 66, 37, 32, 24,  0, 62,  6,100, 15, 2
 14, 93, 47,100, 56, 70, 35, 41,  1, 18,  0,  0, 50,  1,100,  1, 2
 34, 68, 63,100, 65, 65, 36, 29,  0,  0,  6,  9, 52, 16,100,  7, 2
 14, 79, 49,100, 64, 71, 38, 39,  0, 15,  9, 16, 55,  0,100, 10, 2
 13, 74, 40,100, 70, 77, 46, 42,  9, 15,  0,  3, 50,  1,100,  0, 2
 13, 79, 31,100, 73, 82, 59, 45, 17, 19,  0, 23, 53, 17,100,  0, 2
  1, 91, 44,100, 75, 81, 39, 57,  3, 34,  0,  7, 50,  0,100,  2, 2
  3, 74, 21,100, 26, 66, 10, 32,  0,  0, 34,  0, 67,  6,100,  6, 2
 32, 76, 60,100, 77, 79, 56, 50, 26, 25,  0,  3, 50,  4,100,  0, 2
 33, 89, 63,100, 58, 50, 35, 10,  0,  9, 31, 27, 65,  4,100,  0, 2
 36, 63, 52,100, 52, 48, 29,  6,  0,  0, 30, 15, 65,  3,100,  1, 2
 51, 78, 81,100, 86, 65, 53, 31, 10,  8,  0, 19, 50, 10,100,  0, 2
 26, 95, 58,100, 73, 74, 55, 47, 27, 23,  0,  0, 49,  2,100,  2, 2
 31, 67, 35, 99, 81,100, 73, 56, 37, 23,  0,  2, 50,  0,100,  3, 2
 32, 80, 72,100, 82, 76, 55, 47, 24, 20,  0,  0, 50,  7,100,  3, 2
 46, 95, 87,100, 92, 56, 59, 20, 15,  0,  0, 12, 50, 14,100, 11, 2
 47, 74, 68,100, 65, 53, 37, 17,  0,  0, 21, 18, 60, 14,100, 11, 2
 31, 77, 35,100, 69, 86, 51, 43, 19,  8,  0,  3, 49,  3,100,  0, 2
  0, 85, 22,100, 50, 88, 43, 52, 20, 21, 27,  2, 65,  0,100,  2, 2
 19, 76, 34,100, 41, 66, 27, 32,  0,  7, 25,  3, 63,  0,100,  6, 2
  0, 82, 24,100, 53, 87, 57, 59, 47, 33, 32,  7, 62,  0,100,  1, 2
 50, 84, 85,100,100, 64, 73, 27, 32,  0,  0, 18, 45, 31, 81,  0, 2
 23, 79, 59,100, 62, 60, 36, 21,  0,  0, 19, 30, 60, 25,100, 16, 2
 55, 98, 85,100, 90, 70, 62, 43, 27, 20,  0,  1, 50,  5,100,  0, 2
 20, 73, 39,100, 55, 69, 32, 31,  0,  4, 22,  0, 61,  1,100,  2, 2
 39, 75, 46,100, 95, 83, 80, 41, 41,  6,  0,  6, 50, 28,100,  0, 2
 15, 77, 27,100, 90, 87, 88, 59, 52, 33,  0, 12, 23,  0,100,  2, 2
 49, 90, 33, 88, 74,100, 69, 55, 39, 18,  0,  3, 49,  3,100,  0, 2
 32, 84, 66,100, 70, 57, 40, 25,  0, 15, 23, 33, 63, 22,100,  0, 2
 46, 82, 65,100, 69, 72, 39, 47,  0, 28, 12, 20, 56,  9,100,  0, 2
 25, 81, 43,100, 46, 61, 29, 27,  0,  5, 34,  2, 68,  0,100,  7, 2
  0, 66, 30, 90, 69,100, 65, 62, 39, 29, 12,  1, 57,  0,100,  3, 2
 35, 77, 53,100, 66, 74, 42, 45,  8, 19,  0, 15, 51, 11,100,  0, 2
  2, 78, 35,100, 56, 78, 35, 40,  0, 11,  5,  4, 53,  2,100,  0, 2
  0, 85, 31,100, 60, 91, 54, 51, 33, 18, 33,  0, 66,  3,100,  6, 2
  0, 86, 22,100, 49, 92, 46, 63, 35, 35, 45,  9, 72,  1,100,  0, 2
 13, 67,  0, 93, 78,100,100, 71, 60, 41,  9, 15,  9,  0, 89,  6, 2
 18, 88, 47,100, 47, 71, 21, 47,  0, 21, 22,  1, 61,  0,100,  3, 2
 22, 76, 54,100, 62, 58, 39, 20,  0,  0, 13, 24, 57, 27,100, 23, 2
 35, 80, 69,100, 66, 58, 39, 24,  0,  0,  9, 13, 54, 13,100,  7, 2
 30, 78, 62,100, 81, 77, 59, 46, 25, 19,  0, 11, 50,  5,100,  0, 2
 54, 75, 36,100, 78, 94, 62, 55, 25, 26,  0, 11, 49,  4,100,  0, 2
 20, 72, 51,100, 60, 69, 40, 35, 12,  4,  0, 12, 49,  9,100,  0, 2
 32, 90, 74,100, 82, 58, 50, 23,  3,  4,  0, 18, 52, 17,100,  0, 2
 11, 61, 25,100, 66, 96, 62, 55, 29, 23,  0,  0, 50,  0,100,  1, 2
 45, 78, 75,100,100, 76, 82, 43, 48, 16,  0,  0, 33,  8, 88, 10, 2
 39, 88, 47,100, 82, 81, 59, 54, 24, 32,  0,  7, 48,  0,100,  1, 2
 47, 88, 45,100, 71, 76, 52, 40, 19, 10,  0, 13, 51, 12,100,  0, 2
  0, 78, 28,100, 58, 88, 45, 56, 24, 28, 12,  1, 55,  0,100,  2, 2
  0, 69, 26,100, 54, 67, 45, 23,  5,  0,  6,  0, 53,  0,100,  1, 2
  0, 86, 39,100, 51, 66, 35, 32,  8,  1,  1,  0, 51, 15,100,  0, 2
 45, 76, 49, 95,100,100, 87, 61, 48, 31,  0, 13, 29, 10, 82,  0, 2
 36, 72, 47,100, 78, 76, 55, 38, 17,  8,  0,  5, 50, 13,100,  0, 2
  0, 74, 28,100, 50, 76, 29, 38,  1,  8, 26,  0, 63,  0,100,  3, 2
 26, 82, 39,100, 73, 76, 63, 45, 29, 20,  0, 13, 53, 17,100,  0, 2
  7, 67, 22,100, 46, 70, 35, 32,  0,  5,  2,  0, 51,  5,100,  9, 2
  0, 75, 24,100, 47, 75, 37, 41,  8, 15, 28, 26, 66, 20,100,  0, 2
 30, 74, 60,100, 77, 74, 54, 43, 19, 16,  0, 12, 52,  9,100,  0, 2
  0, 77, 20,100, 50, 86, 34, 51,  6, 23, 20,  7, 60,  4,100,  0, 2
  4, 66, 27,100, 47, 73, 29, 30,  0,  3, 31,  5, 65,  3,100,  0, 2
 53, 81, 66,100, 86, 70, 77, 35, 43,  9,  0,  8, 51, 11,100,  0, 2
  6, 48, 32, 77, 75,100,100, 79, 73, 51, 33, 26,  0,  1, 62,  0, 2
  4, 92, 62,100,100, 81, 53, 55,  0, 32, 18, 12, 84,  7, 88,  0, 2
 40, 83, 76,100, 86, 75, 56, 50, 20, 29,  0,  6, 49,  1,100,  0, 2
  0, 74, 16,100, 35, 79, 20, 48,  1, 18, 19,  0, 60,  2,100, 11, 2
 20, 71, 30,100, 75, 97, 59, 63, 25, 35,  0, 10, 50,  3,100,  0, 2
 54, 71, 71,100, 92, 77, 70, 40, 37, 10,  0,  0, 50,  7,100,  9, 2
  0, 52, 20, 83, 56,100, 79, 84, 58, 52, 36, 20, 59,  1,100,  0, 2
  0, 83, 13,100, 43, 80, 29, 51,  2, 25,  3,  1, 51,  0,100,  4, 2
 27, 72, 42,100, 87, 96, 69, 58, 35, 28,  0,  7, 50,  5,100,  0, 2
 49, 79, 69,100, 90, 72, 67, 43, 29, 21,  0,  3, 50,  6,100,  0, 2
  0, 80, 17,100, 53, 94, 75, 73, 77, 47, 63, 23, 61,  1,100,  0, 2
  0, 95, 26,100, 43, 75, 34, 43, 21, 15, 42,  0, 71,  0,100,  1, 2
  8, 73, 25,100, 53, 71, 40, 35,  2, 11,  0,  1, 50,  1,100,  0, 2
  9, 77, 26,100, 52, 76, 37, 44,  7, 17,  0,  0, 54,  1,100,  4, 2
  0, 65, 24, 95, 56,100, 54, 59, 34, 23, 33,  0, 66,  4,100,  5, 2
 31, 86, 67,100, 81, 73, 54, 47, 18, 25,  0, 10, 50,  4,100,  0, 2
 18, 76, 37,100, 77, 79, 61, 39, 22, 10,  0, 24, 53, 19,100,  0, 2
 18, 82, 46,100, 69, 73, 46, 42,  9, 16,  0,  1, 50,  3,100,  0, 2
 68, 93,100,100, 97, 76, 72, 57, 43, 38, 13, 21,  0,  1, 39,  0, 2
 36, 89, 73,100, 75, 74, 48, 51, 14, 30,  0, 10, 51,  8,100,  0, 2
  0, 77, 25,100, 53, 86, 43, 52, 17, 21,  1,  0, 51,  0,100,  0, 2
  5, 64, 28,100, 63, 83, 43, 43,  8, 12,  0,  0, 50,  2,100,  4, 2
 28, 89, 63,100, 84, 71, 69, 38, 32, 14,  0, 17, 52, 13,100,  0, 2
  9, 70, 32,100, 59, 78, 36, 43,  0, 15,  6, 10, 52,  1,100,  0, 2
 28, 64, 39,100, 78, 98, 62, 61, 30, 31,  0, 13, 51, 10,100,  0, 2
 37, 75, 46,100, 69, 80, 40, 44,  1, 15,  0, 16, 50,  7,100,  0, 2
  0, 75, 21,100, 52, 81, 46, 44, 17, 18, 28, 24, 65, 12,100,  0, 2
 35, 79, 66,100, 87, 72, 69, 38, 36, 10,  0,  0, 50,  4,100,  5, 2
  0, 75, 19, 99, 57,100, 66, 73, 56, 46, 38, 20, 55,  2,100,  0, 2
 19, 89, 64,100, 70, 61, 41, 27,  0,  4,  4,  3, 52,  4,100,  0, 2
 54, 81, 46, 98, 86,100, 75, 58, 43, 24,  0,  0, 48,  2,100,  8, 2
  2, 64, 21,100, 47, 81, 30, 44,  0, 12,  7, 24, 53, 14,100,  0, 2
 11, 74, 22,100, 93, 98, 91, 69, 49, 41,  0, 17, 25,  0,100,  6, 2
  0, 73, 25,100, 54, 99, 39, 65, 18, 35, 22,  7, 61,  5,100,  0, 2
  0, 80, 25,100, 56, 97, 61, 61, 40, 29, 38,  0, 69,  0,100,  4, 2
  0, 95, 40,100, 59, 80, 32, 56,  5, 32, 14,  7, 57,  0,100,  1, 2
 21, 71, 65,100, 95, 77, 65, 34, 24,  0,  0, 10, 51, 23,100,  1, 2
 43, 92, 70,100, 68, 66, 39, 37,  0, 18, 17, 34, 56, 13,100,  0, 2
  4, 86, 38,100, 44, 74, 24, 47,  0, 20, 21,  1, 60,  0,100,  1, 2
 47,100, 77,100, 72, 55, 42, 19,  0,  0,  5, 12, 52,  7,100,  0, 2
  8, 65,  3,100, 46, 99, 35, 55,  0, 24,  4,  8, 52,  0,100,  2, 2
  0, 68, 16, 97, 56,100, 62, 66, 43, 33, 23,  2, 61,  0,100,  0, 2
 23, 67, 43,100, 73, 85, 68, 49, 41, 17,  0,  0, 49,  4,100,  6, 2
 63, 80, 88,100, 97, 67, 72, 33, 32,  6,  0,  7, 51, 21,100,  0, 2
 33, 66, 50,100, 58, 57, 36, 18,  0,  0, 21, 17, 61, 13,100,  4, 2
 41, 73, 60,100, 72, 73, 61, 40, 37, 10,  0,  0, 49,  1,100,  2, 2
 33, 76, 68,100, 71, 64, 42, 29,  4,  0,  0, 15, 49, 15,100,  7, 2
  9, 74, 45,100, 61, 74, 35, 41,  3, 12,  0, 22, 50, 14,100,  0, 2
 13, 65, 26,100, 53, 72, 38, 29,  0,  0,  1,  4, 50,  6,100,  1, 2
  2, 95, 64,100,100, 78, 87, 50, 51, 25,  0,  6, 20,  0, 89,  3, 2
 47, 65, 63,100, 77, 72, 49, 31, 11,  1,  0,  0, 50,  1,100,  3, 2
 22, 67, 30,100, 65, 72, 54, 31, 12,  5,  0, 12, 54,  0,100, 13, 2
 15, 71, 38,100, 73, 89, 59, 56, 30, 28,  0,  0, 49,  5,100, 17, 2
 29, 94, 54,100, 54, 64, 31, 32,  0, 10, 26,  7, 62,  3,100,  0, 2
 50, 77, 73,100, 81, 61, 51, 26,  6,  0,  0, 24, 51, 29,100,  6, 2
 31, 87, 73,100,100, 80, 73, 53, 37, 30,  0,  7, 45,  1, 97,  0, 2
  7, 68, 22,100, 54, 84, 42, 48, 15, 16,  0,  9, 50,  9,100,  0, 2
  0, 70, 19,100, 65, 79, 59, 40, 12, 17,  3, 15, 59,  6,100,  0, 2
 34, 80, 61,100, 56, 60, 28, 28,  0,  0, 33,  5, 67,  7,100,  7, 2
 24, 84, 47,100, 44, 67, 26, 39,  0, 16, 28,  4, 64,  0,100,  0, 2
 32, 81, 62,100, 65, 76, 39, 52, 10, 28,  0,  2, 50,  0,100,  3, 2
  0, 67,  9, 99, 44,100, 55, 72, 28, 47, 32, 17, 65,  4,100,  0, 2
 25, 72, 34,100, 73, 91, 60, 50, 30, 16,  0,  9, 50,  9,100,  0, 2
 21, 79, 14,100, 61, 75, 51, 35,  0, 12, 16, 10, 79,  0,100, 30, 2
 29, 88, 64,100, 55, 73, 29, 50,  0, 26,  0,  2, 50,  0,100,  3, 2
 17, 77, 38,100, 54, 73, 32, 39,  0, 11,  6, 10, 53,  0,100,  3, 2
 32, 65, 44,100, 89, 80, 81, 39, 46,  5,  0,  1, 48, 24,100,  0, 2
 30, 83, 62,100, 51, 69, 29, 40,  0, 14,  1,  0, 50,  8,100, 10, 2
 33, 62, 50,100, 65, 60, 39, 18,  0,  0, 17, 23, 59, 13,100,  8, 2
 12, 83, 50,100, 85, 67, 63, 23, 16,  0,  0, 18, 52, 18,100,  1, 2
  0, 88, 39,100, 79, 89, 76, 62, 55, 36, 27, 15, 54,  3,100,  0, 2
 42, 88, 49,100, 60, 58, 37, 20,  0, 28, 46, 15, 89,  0,100, 40, 2
 29, 80, 33,100, 71, 89, 55, 43, 20,  8,  0,  5, 50,  4,100,  0, 2
  0, 80, 23,100, 57, 99, 66, 70, 52, 41, 38, 12, 65,  0,100,  0, 2
 24, 70, 38,100, 79, 88, 67, 50, 34, 20,  0, 11, 50,  6,100,  0, 2
  5, 80, 37,100, 58, 73, 34, 37,  0,  8,  5,  0, 52,  2,100,  7, 2
  0, 84, 42,100, 59, 74, 42, 45, 10, 19,  1, 16, 55, 16,100,  0, 2
  7, 79, 36,100, 54, 78, 30, 49,  0, 24,  9,  6, 55,  3,100,  0, 2
 43, 80, 41,100, 80, 93, 64, 51, 32, 17,  0,  3, 50, 12,100,  0, 2
 13, 82, 44,100, 51, 72, 30, 44,  0, 20,  7,  7, 55,  6,100,  0, 2
  0, 83, 32,100, 67, 93, 52, 59, 26, 29, 18,  5, 60,  0,100,  3, 2
 49,100, 95, 93, 83, 52, 47, 21,  0,  6,  5, 28, 54, 20,100,  0, 2
 13, 76, 35,100, 57, 74, 40, 42, 10, 14,  0, 13, 51, 11,100,  0, 2
 34, 58, 45,100, 54, 60, 35, 18,  0,  0, 22, 17, 61,  8,100,  9, 2
  0, 88, 31,100, 65, 90, 62, 68, 45, 48, 38, 26, 62,  9,100,  0, 2
  0, 79, 47, 96,100,100, 80, 74, 39, 51,  5, 26, 25,  4, 82,  0, 2
  0, 79, 25,100, 62, 98, 69, 66, 47, 37, 27,  8, 63,  1,100,  0, 2
 18, 75, 51,100,100, 96, 79, 65, 41, 40,  0, 17,  9,  0, 63,  2, 2
 58, 67, 24, 85, 86,100, 92, 70, 48, 42,  0, 14, 29,  0,100,  7, 2
  0, 77, 40, 95, 87,100,100, 73, 71, 47, 34, 25, 17,  0, 67,  1, 2
  0, 66, 21, 97, 66,100, 66, 63, 34, 32,  6,  4, 52,  0,100,  0, 2
 53, 90, 95,100,100, 74, 74, 49, 40, 28,  0, 10, 26,  0, 78,  4, 2
 14, 95, 50,100, 54, 69, 39, 39, 11, 12,  0,  1, 50, 10,100,  0, 2
 36,100, 60,100, 57, 68, 33, 41,  0, 20, 12,  8, 56,  6,100,  0, 2
  0, 78, 33,100, 70, 79, 53, 43, 10, 23, 10, 32, 57, 20,100,  0, 2
 25, 80, 52,100, 57, 67, 30, 36,  0, 11, 27,  6, 63,  4,100,  0, 2
 12, 76, 46,100, 67, 79, 52, 46, 26, 16,  0,  0, 55,  2,100,  7, 2
  0, 77, 17,100, 55, 96, 58, 62, 40, 31, 22,  1, 60,  0,100,  3, 2
 27, 75, 64,100,100, 99, 79, 70, 45, 44,  6, 20,  0,  0, 64,  6, 2
 10, 71, 44,100, 67, 76, 52, 37, 24,  4,  0,  5, 49,  9,100,  0, 2
  0, 90, 40,100, 66, 78, 44, 48, 10, 24,  4,  0, 52,  0,100,  2, 2
  0, 84, 37,100, 82, 96, 85, 67, 59, 41, 31, 15, 51,  0,100,  2, 2
  0, 63, 23, 93, 78,100, 89, 69, 54, 41, 11, 16, 41,  4,100,  0, 2
 52, 83, 74,100, 74, 63, 54, 28, 17,  0,  0, 16, 50, 22,100,  5, 2
  0, 83, 37,100, 61, 81, 44, 53, 19, 27,  3,  0, 51,  3,100,  7, 2
  0, 82, 24,100, 53, 84, 46, 51, 25, 23, 32,  0, 66,  1,100,  4, 2
  6, 76, 22,100, 55, 78, 36, 42,  0, 16,  7,  9, 54,  7,100,  0, 2
  0, 84, 36,100, 65, 78, 53, 46, 22, 19, 15, 17, 62, 19,100,  0, 2
  0, 86, 36,100, 66, 75, 48, 40, 16, 13, 12,  0, 56,  8,100,  7, 2
 42, 66, 54,100, 81, 83, 57, 48, 24, 19,  0, 12, 50,  9,100,  0, 2
 47, 88, 72,100, 65, 44, 36,  8,  0,  0, 27, 20, 63,  5,100,  3, 2
 62, 79, 70,100, 87, 73, 61, 41, 20, 16,  0, 26, 54, 22,100,  0, 2
 25, 81, 47,100, 48, 55, 27, 17,  0,  3, 32, 21, 65,  2,100,  0, 2
 67, 75, 79,100, 94, 74, 72, 42, 38, 15,  0,  0, 47,  5,100,  1, 2
 39, 84, 83,100, 84, 62, 55, 25,  9,  6,  0,  4, 50,  7,100,  0, 2
 35, 83, 69,100,100, 79, 84, 52, 47, 31,  0, 12, 14,  0, 77,  2, 2
 21, 91, 59,100, 62, 66, 34, 36,  0, 11, 19, 13, 59,  0,100,  9, 2
 63, 77, 95,100, 92, 63, 64, 28, 26,  2,  0,  0, 50,  4,100,  7, 2
  5, 81, 45,100, 71, 77, 48, 38, 16,  6,  0,  3, 50,  8,100,  0, 2
 26, 71, 54,100, 77, 81, 52, 49, 17, 21,  0, 12, 50, 12,100,  0, 2
 22, 66, 47,100, 66, 68, 38, 28,  0,  1,  7,  2, 53,  2,100,  0, 2
  0, 82, 31,100, 47, 68, 36, 34,  8,  5, 12, 20, 60, 18,100,  0, 2
 13, 65, 39,100, 72, 82, 49, 44, 11, 15,  0,  0, 50,  4,100,  6, 2
  0, 80, 28,100, 53, 82, 31, 53,  4, 27, 14,  3, 58,  4,100,  0, 2
  0, 83, 31,100, 48, 74, 28, 42,  3, 14, 27,  0, 66,  1,100,  4, 2
 25, 71, 44,100, 65, 81, 37, 52,  0, 30,  9, 18, 54, 10,100,  0, 2
 53, 70, 71,100, 68, 58, 38, 23,  0,  7, 22, 30, 63, 21,100,  0, 2
 26, 59, 43,100, 55, 68, 35, 25,  0,  0, 17, 14, 59,  3,100, 10, 2
  0, 79, 35,100, 74, 91, 52, 58, 19, 30, 13,  4, 58,  0,100,  3, 2
 24, 82, 53,100, 53, 42, 29,  0,  0,  7, 32, 21, 65,  1,100,  1, 2
  8, 70, 36,100, 55, 69, 40, 31,  9,  0,  0, 17, 49, 10,100,  0, 2
 39, 90, 79,100,100, 77, 80, 52, 43, 30,  0, 11, 28,  0, 89,  5, 2
 12, 75, 46,100, 66, 74, 41, 42,  6, 14,  0, 15, 51, 11,100,  0, 2
  0, 90, 43,100, 74, 81, 71, 57, 49, 35, 19, 13, 43,  0,100,  1, 2
  0, 80, 35,100, 69, 78, 49, 41, 10, 15,  5, 27, 53, 15,100,  0, 2
 13, 81, 31,100, 69, 82, 61, 52, 32, 26,  0,  2, 47,  0,100,  2, 2
  0, 69,  2, 99, 41,100, 56, 72, 35, 42, 23, 11, 60,  0,100,  1, 2
  6, 79, 49,100,100, 97, 79, 67, 40, 43,  0, 18, 32,  1, 91,  0, 2
  9, 67, 32,100, 58, 79, 43, 42, 17,  8,  0,  0, 49, 12,100,  1, 2
  0, 81, 30,100, 78, 93, 62, 65, 28, 42,  7, 14, 48,  1,100,  0, 2
 35, 84, 63,100, 92, 81, 65, 54, 32, 30,  0,  6, 48,  1,100,  0, 2
  0, 88, 40,100, 59, 69, 36, 36,  0, 11,  9, 13, 57, 15,100,  0, 2
  0, 82, 33,100, 61, 87, 49, 50, 24, 18, 24,  0, 68,  0,100,  8, 2
 49, 90, 81,100, 96, 69, 74, 38, 24, 20,  0, 32, 58, 21,100,  0, 2
 26, 80, 58,100, 63, 61, 38, 26,  0,  6, 22, 18, 61,  0,100, 18, 2
 32, 58, 26, 89, 73,100, 80, 56, 42, 21,  0,  0, 50,  5,100,  4, 2
  0, 66, 15, 99, 58,100, 64, 66, 43, 32, 11,  5, 50,  0,100,  5, 2
  0, 81, 29,100, 61, 87, 56, 49, 34, 17, 35,  0, 69,  2,100,  5, 2
  8, 68, 25,100, 56, 74, 37, 35,  0,  6,  2,  4, 51,  0,100,  4, 2
  1, 73, 29,100, 74, 97, 56, 63, 21, 34,  0,  4, 50,  0,100,  0, 2
 20, 70, 29,100, 63, 82, 53, 46, 29, 14,  0,  0, 50,  3,100,  4, 2
 24, 88, 59,100,100, 91, 89, 64, 61, 42, 28, 22,  0,  0, 47,  2, 2
