 95, 82, 71,100, 27, 77, 77, 73,100, 80, 93, 42, 56, 13,  0,  0, 9
 68,100,  6, 88, 47, 75, 87, 82, 85, 56,100, 29, 75,  6,  0,  0, 9
 79, 87, 98, 81, 71,100, 72, 73,100, 66, 91, 21, 48,  0,  0, 13, 9
 92, 95, 30,100, 34, 68, 87, 89, 84, 78,100, 35, 64,  0,  0, 19, 9
 58, 64,100, 96, 27,100,  0, 63, 79, 65, 91, 72, 48, 36, 10,  0, 9
 91, 69, 48, 57,  9, 79, 60,100,100, 75, 95, 40, 64,  8,  0,  0, 9
 77, 96, 38,100, 58, 77, 99, 86,100, 50, 84, 12, 43,  0,  0,  0, 9
 79, 90,100, 93, 63,100, 82, 84, 99, 61, 87, 22, 44,  0,  0, 19, 9
 96, 66, 62,100, 32, 69, 74, 62, 89, 56,100, 10, 50,  0,  0, 10, 9
 70, 84, 11, 76,  0, 91, 56,100, 99, 83,100, 55, 88, 28, 75,  0, 9
 88,100, 29,100, 30, 74, 85, 83,100, 67, 97, 27, 57,  0,  0,  5, 9
100, 89, 34,100,  0, 75, 76, 78, 83, 62, 90, 35, 85,  8,  5,  0, 9
 76, 93, 24,100,  0, 72, 58, 73, 74, 74,100, 42, 92, 12, 37,  0, 9
 95, 76, 34, 80,  0, 97, 57,100, 98, 80,100, 53, 83, 25, 59,  0, 9
 99, 88, 74,100, 56, 75,100, 85, 99, 57, 89, 17, 46,  0,  0,  4, 9
 80,100, 28, 81, 44, 70, 89, 82, 89, 54,100, 25, 69,  4,  0,  0, 9
 87, 74, 63,100, 46, 71, 87, 82,100, 54, 88, 17, 40,  1,  0,  0, 9
 87,100, 56, 95, 71, 86, 87, 81, 94, 50,100, 19, 53,  6,  0,  0, 9
 62, 83, 62, 75, 81,100, 74, 86,100, 53, 90, 18, 37,  0,  0, 16, 9
 64,100, 10, 99,  0, 71, 56, 77, 72, 71,100, 37, 75,  8, 19,  0, 9
100, 75, 62, 62, 54, 95, 93,100, 98, 63, 81, 28, 46,  0,  0,  1, 9
 73,100, 23, 90, 70, 82, 77, 95, 91, 60,100, 24, 60,  0,  0,  2, 9
  2, 88, 37, 76, 87,100,  0, 93, 48, 81, 95, 70, 87, 34,100,  0, 9
  1, 77, 80, 74, 75,100,  0, 84, 38, 66,100, 76, 87, 38, 88,  0, 9
 23, 63,  0, 84, 47,100, 98, 90,100, 66, 81, 43, 51, 21, 19,  0, 9
  0, 82, 46, 75, 97,100, 27, 97, 45, 81,100, 79, 88, 39, 78,  0, 9
 88, 83, 71,100, 44, 78, 86, 77,100, 64, 87, 21, 46,  1,  0,  0, 9
 95, 79, 73,100, 61, 72, 98, 95,100, 55, 84, 16, 36,  0,  0,  1, 9
 30, 73, 81, 71, 82,100, 33, 91, 81, 68,100, 35, 55,  9,  0,  0, 9
 31, 56,100, 80, 48,100,  0, 67, 61, 52, 98, 71, 63, 33, 24,  0, 9
 81, 80, 53,100, 43, 73, 87, 88,100, 59, 88, 16, 46,  0,  0,  0, 9
  0, 74, 68, 69, 90,100, 13, 91, 42, 70,100, 77, 83, 39, 79,  0, 9
100, 77, 64, 61,  9, 74, 54,100,100, 85, 91, 51, 59, 19,  0,  0, 9
 78, 75, 51,100,  8, 75, 47, 58, 85, 60,100, 20, 64,  0,  0,  1, 9
 87, 86, 46,100, 17, 70, 75, 75,100, 80, 94, 39, 58,  6,  0,  0, 9
 13, 78, 77, 78, 74,100,  0, 89, 49, 78, 99, 71, 91, 35,100,  0, 9
  6, 76, 44, 71, 89,100,  0, 95, 27, 79,100, 81, 91, 40, 97,  0, 9
 97, 88, 41,100, 31, 59, 98, 67,100, 91, 97, 46, 75,  2,  0,  0, 9
 30, 91, 72, 60, 91, 96, 47,100, 95, 75,100, 19, 52,  0,  0,  1, 9
 72, 65, 53,100,  0, 88, 39, 64, 75, 83,100, 42, 84,  4, 27,  0, 9
 72, 87, 29,100,  0, 67, 50, 56, 92, 79,100, 45, 98,  6, 45,  0, 9
 91, 92, 26,100, 14, 61, 79, 63, 91, 77,100, 35, 69,  0,  0, 18, 9
 84, 68, 73,100,  9, 84, 37, 60,100, 81, 90, 46, 59,  9,  0,  0, 9
  0, 78, 54, 69,100, 92, 55,100, 34, 69, 90, 75, 93, 41, 91,  0, 9
 44, 86, 90, 86, 60,100, 61, 82,100, 58, 94, 20, 49,  4,  0,  0, 9
 67, 86,100, 84, 66,100, 56, 79, 96, 66, 96, 23, 52,  0,  0, 15, 9
100, 80, 66, 55, 22, 67, 55,100,100, 80, 94, 40, 59,  5,  0,  0, 9
 72, 89, 88, 80, 71,100, 72, 85,100, 57, 87, 18, 41,  0,  0, 21, 9
 75, 69, 79,100, 14, 88, 71, 70, 92, 84,100, 36, 58,  0,  0,  9, 9
 83,100, 35, 96, 65, 77, 94, 94,100, 58, 95, 22, 53,  3,  0,  0, 9
 84,100, 34, 84, 69, 76, 91, 80, 90, 55,100, 29, 60, 11,  0,  0, 9
100, 64, 91,100, 40, 82, 80, 61, 97, 76, 99, 31, 61,  0,  0,  2, 9
 58,100,  3, 99,  0, 64, 57, 65, 71, 70,100, 30, 70,  0, 13,  3, 9
 92, 93, 38,100, 44, 62,100, 84, 91, 75, 94, 29, 53,  0,  0, 23, 9
 42, 91, 73, 64,100, 95, 48,100, 81, 73,100, 38, 64,  4,  0,  0, 9
 75,100, 35, 99, 61, 73, 89, 99, 95, 64,100, 22, 56,  0,  0,  7, 9
 80, 82, 23, 83,  0, 96, 67,100,100, 77, 91, 51, 67, 25, 45,  0, 9
100, 76, 53, 55, 15, 73, 51,100, 91, 81, 83, 44, 52, 12,  0,  0, 9
 85, 83,100, 76, 81,100, 50, 67, 93, 69, 95, 21, 47,  0,  0, 23, 9
 51,100,  7, 78, 57, 64, 87, 92, 86, 70,100, 31, 61,  4,  0,  0, 9
 72,100, 16, 89, 52, 60,100, 86, 92, 72, 93, 28, 55,  0,  0, 19, 9
 67, 72, 24, 71,  0, 86, 41,100, 84, 97,100, 65, 88, 32, 68,  0, 9
 85, 90, 31,100, 31, 64, 88, 80, 98, 71,100, 32, 65,  0,  0, 13, 9
 70, 86, 89, 80, 71,100, 80, 81,100, 50, 78, 20, 40,  6,  0,  0, 9
 74,100,  0, 96,  2, 68, 74, 81, 60, 70, 86, 37,100,  6, 21,  0, 9
 76, 76, 48,100,  0, 80, 37, 58,100, 74, 84, 57, 46, 29, 19,  0, 9
 79, 75, 41,100,  3, 75, 54, 59, 79, 61,100, 20, 54,  0,  0, 14, 9
100, 71, 29, 72,  0, 90, 59,100, 98, 79, 98, 51, 83, 25, 59,  0, 9
100, 93, 52,100, 38, 70, 89, 83, 99, 72, 92, 30, 56,  1,  0,  0, 9
 83, 68, 58,100,  5, 82, 45, 59, 88, 76,100, 31, 63,  0,  0,  4, 9
 22, 73, 64, 90, 16,100, 38, 82, 87, 63,100, 26, 52,  7,  0,  0, 9
 71, 63, 88,100, 14, 97,  0, 58, 76, 60,100, 77, 60, 39, 23,  0, 9
 90,100, 54,100, 55, 76, 94, 97, 97, 61,100, 23, 57,  0,  0,  2, 9
 93, 91, 40,100, 43, 80, 79, 92, 91, 56,100, 20, 57,  0,  0,  1, 9
 62, 91, 79, 64, 90,100, 56, 78, 97, 64,100, 21, 51,  0,  0, 16, 9
 28, 76, 80, 85, 44,100, 48, 85,100, 71, 96, 37, 51, 15,  0,  0, 9
100, 90, 53,100, 37, 61, 91, 65, 99, 84, 97, 41, 62,  7,  0,  0, 9
100, 72, 47, 57, 18, 78, 60,100, 90, 74, 83, 39, 53, 10,  0,  0, 9
 84, 66, 82,100, 26, 78, 72, 56, 99, 86,100, 44, 72,  6,  0,  0, 9
 42, 68,  0, 73,  1, 95, 44,100, 82, 87,100, 59, 91, 29, 74,  0, 9
 70,100, 14, 87, 66, 79, 87, 81, 98, 52,100, 21, 58,  0,  0,  6, 9
  0, 70, 62, 70, 95,100, 21, 88, 45, 72,100, 76, 80, 39, 67,  0, 9
 77,100, 37, 95, 63, 78, 98, 95,100, 56, 86, 19, 46,  0,  0,  1, 9
 54, 71, 92, 76, 69,100, 65, 77,100, 55, 83, 23, 43,  7,  0,  0, 9
 77,100, 22, 84, 63, 60, 92, 94,100, 63,100, 24, 45,  0,  0, 29, 9
 53, 80, 38,100,  0, 77, 66, 72, 70, 67,100, 30, 68,  3,  2,  0, 9
 78, 69, 87,100,  0, 90, 16, 63,100, 80, 87, 63, 50, 31, 28,  0, 9
 97, 87, 56, 74, 34, 95, 83,100,100, 68, 88, 36, 53,  8,  0,  0, 9
  0, 76, 47, 71, 96, 96, 28,100, 17, 77, 90, 74,100, 37,100,  0, 9
 97, 85, 53,100, 12, 78, 74, 74, 97, 86,100, 44, 61, 12,  0,  0, 9
 65,100,  7, 99,  0, 69, 62, 73, 77, 72,100, 35, 63,  8,  2,  0, 9
  0, 70, 68, 77,100,100, 30, 93, 34, 73, 79, 64, 74, 32, 75,  0, 9
 86, 88, 46,100, 50, 80, 99, 94,100, 62, 96, 26, 56,  2,  0,  0, 9
 12, 83, 89, 77, 80,100,  0, 84, 62, 74,100, 73, 83, 36, 75,  0, 9
 70, 63, 93, 98,  0,100,  3, 62, 99, 68,100, 70, 53, 31, 26,  0, 9
 41, 67,100, 96,  9,100,  0, 66, 88, 79, 96, 74, 62, 37, 42,  0, 9
 90,100, 33, 98, 44, 58, 99, 72, 95, 80,100, 32, 61,  0,  0, 16, 9
 73, 89, 16, 89,  0,100, 57, 99, 96, 81,100, 53, 86, 27, 73,  0, 9
100, 72, 72,100, 27, 81, 58, 65, 81, 64, 80, 23, 39,  0,  0, 14, 9
100, 89, 36,100, 19, 78, 87, 80, 74, 71,100, 35, 69,  8,  0,  0, 9
100, 81, 60,100, 33, 68, 82, 62, 94, 80, 87, 36, 52,  0,  0,  2, 9
 76,100, 25, 87, 50, 60, 86, 86, 91, 69,100, 31, 55,  9,  0,  0, 9
 54, 73, 94, 82, 73,100, 73, 79,100, 53, 81, 19, 42,  2,  0,  0, 9
100, 94, 43,100, 31, 59, 91, 69,100, 86, 98, 39, 65,  0,  0,  1, 9
 50,100,  0, 89, 16, 62, 66, 73, 82, 60,100, 23, 56,  2,  2,  0, 9
 18, 80, 62, 65, 61,100, 36, 92, 84, 69,100, 28, 53,  7,  0,  0, 9
 90, 64, 87,100, 21,100,  0, 67, 66, 62,100, 69, 66, 34, 51,  0, 9
 55, 75, 33,100,  0, 77, 46, 69, 85, 74,100, 40, 85, 10, 35,  0, 9
100,100, 70, 90, 84, 75, 89, 74, 95, 42, 96, 11, 49,  0,  0,  0, 9
 53, 65,100, 93, 31,100,  0, 69, 71, 60,100, 64, 67, 32, 32,  0, 9
 81,100,  3, 89,  0, 68, 86, 83,100, 65,100, 37, 95,  9,  0,  0, 9
 68, 90, 91,100, 56, 88, 96, 81,100, 43, 84,  7, 40,  0,  0, 20, 9
 76, 91,100, 85, 69,100, 76, 82,100, 55, 89, 14, 41,  0,  0, 21, 9
100,100, 61, 83, 94, 89, 91, 71, 93, 40, 93, 11, 47,  2,  0,  0, 9
100,100, 47, 97, 43, 75, 91, 90, 92, 67, 92, 24, 51,  0,  0,  9, 9
 42, 92, 85, 75, 83,100, 47, 86, 99, 69,100, 31, 54,  7,  0,  0, 9
 80,100, 33, 88, 73, 91, 82, 78, 97, 52,100, 26, 57,  8,  0,  0, 9
 48, 52,100, 77, 45,100,  4, 70, 63, 53, 81, 53, 62, 12,  0,  0, 9
 78, 88, 28,100,  0, 75, 58, 74, 72, 73,100, 36, 66,  6,  8,  0, 9
 65, 89, 26,100,  0, 70, 51, 63, 84, 70,100, 31, 70,  3, 17,  0, 9
100, 94, 44,100, 41, 64, 89, 78, 90, 73, 90, 31, 52,  0,  0,  7, 9
 74, 73, 31, 61, 47, 91, 93,100,100, 68, 83, 35, 50,  8,  0,  0, 9
100, 68, 62,100,  2, 85, 40, 58, 88, 85, 94, 35, 62,  4,  0,  0, 9
 25, 55, 74, 63, 65,100,  1, 75, 25, 43,100, 66, 49, 34,  0,  0, 9
 81, 87, 37,100,  9, 73, 74, 74, 78, 71,100, 32, 68,  3,  0,  0, 9
 37, 61,  0, 70, 22, 92, 60,100, 91, 85,100, 57, 91, 28, 80,  0, 9
 61, 79, 98, 79, 73,100, 53, 78,100, 67, 84, 37, 44, 16,  0,  0, 9
 72, 92, 19,100, 32, 58, 89, 78, 91, 83,100, 39, 72,  0,  0,  8, 9
 99, 88, 48,100, 32, 70, 85, 86, 88, 68,100, 27, 60,  0,  0,  4, 9
 74, 62,100,100, 32, 99, 23, 62, 88, 84, 90, 54, 68, 11,  0,  0, 9
 82, 86, 54,100, 32, 66, 93, 75, 97, 79,100, 37, 70,  0,  0,  7, 9
 59, 79, 92, 70, 76,100, 66, 82,100, 59, 82, 19, 44,  0,  0,  1, 9
 56, 73, 35, 83,  0, 91, 39,100, 79, 91,100, 63, 96, 31, 81,  0, 9
 98, 96, 52, 96, 74, 64, 97,100, 97, 70,100, 28, 62,  0,  0, 14, 9
 66,100, 26, 99, 42, 77, 86, 95, 87, 64,100, 25, 60,  0,  0,  1, 9
 93, 55, 78,100, 28, 94, 49, 67, 93, 75,100, 29, 60,  2,  0,  0, 9
 94,100, 73, 92, 59, 66, 99, 93,100, 82, 89, 44, 50, 16,  0,  0, 9
 81, 92, 29,100, 11, 78, 72, 82,100, 70, 94, 31, 60,  1,  0,  0, 9
100, 55, 42, 50, 29, 81, 75,100, 96, 69, 82, 33, 51,  3,  0,  0, 9
 77, 83,100,100, 61, 93, 87, 83, 93, 52, 83, 12, 40,  0,  0, 18, 9
 96, 75, 82,100, 55, 79, 96, 86,100, 56, 89, 18, 48,  0,  0,  2, 9
 96, 70, 76,100, 46, 73, 98, 69,100, 64, 98, 24, 52,  0,  0,  2, 9
 78,100, 21, 80, 49, 44, 95, 76, 91, 80,100, 34, 62,  0,  0, 13, 9
 93,100, 47, 99, 55, 75,100, 84, 96, 62, 86, 21, 47,  0,  0,  3, 9
 93, 77, 49,100, 19, 73, 72, 68, 90, 63,100, 20, 58,  0,  0, 10, 9
 97, 63, 77,100, 32, 79, 72, 63, 96, 67,100, 23, 56,  0,  0,  4, 9
 91,100, 48, 99, 60, 83,100, 84, 99, 47, 87, 13, 44,  0,  0,  2, 9
  0, 78, 19, 95, 58,100, 92, 89,100, 67, 92, 44, 81, 21, 67,  0, 9
 46, 69, 93, 73, 81,100, 55, 81,100, 62, 93, 22, 48,  7,  0,  0, 9
 92, 93, 50,100, 41, 65, 88, 79,100, 74, 91, 29, 53,  0,  0,  4, 9
 31, 49, 91, 77, 59,100,  0, 73, 25, 41,100, 57, 71, 36, 37,  0, 9
  0, 81, 54, 71, 81,100, 11, 97, 29, 74,100, 82, 84, 41, 83,  0, 9
 99, 83, 58,100, 27, 67, 78, 65,100, 84, 86, 41, 55,  4,  0,  0, 9
100, 66, 68, 45, 49, 71, 80,100, 95, 67, 78, 30, 45,  0,  0,  3, 9
 46, 45,  0, 58, 20, 83, 69,100,100, 81, 91, 53, 69, 27, 48,  0, 9
 80, 98,100, 92, 64,100, 76, 76, 93, 65, 85, 18, 44,  0,  0, 15, 9
 93, 69, 79,100, 18, 84, 57, 60, 94, 73,100, 34, 70,  1,  0,  0, 9
100, 79, 54,100, 21, 67, 78, 60, 98, 82, 92, 38, 60,  0,  0,  6, 9
 96, 71, 52, 46, 31, 73, 72,100,100, 71, 86, 33, 52,  1,  0,  0, 9
 83,100, 38, 82, 81, 87, 94, 85,100, 53,100, 20, 53,  6,  0,  0, 9
 64, 86,100,100, 47,100, 71, 71, 96, 66, 96, 19, 45,  0,  0, 19, 9
 77,100,  8, 92, 44, 73, 92, 97,100, 65,100, 30, 68,  0,  0,  2, 9
100, 54, 48, 62,  0, 75, 25,100, 65, 90, 60, 59, 48, 30, 33,  0, 9
 90, 72, 64,100, 24, 72, 75, 57, 94, 75,100, 30, 61,  0,  0,  2, 9
 75, 94, 95, 90, 62,100, 84, 86,100, 52, 91, 16, 44,  0,  0, 18, 9
 82,100, 37, 86, 66, 70, 87, 86,100, 52, 92, 18, 49,  1,  0,  0, 9
 92, 69, 36, 74,  0, 87, 52,100, 98, 86,100, 56, 79, 28, 58,  0, 9
 81, 71, 97,100, 36, 89, 74, 72, 95, 74,100, 34, 59,  6,  0,  0, 9
 99, 69, 77,100, 51, 72, 88, 79,100, 59, 84, 15, 38,  0,  0,  7, 9
 81, 98, 26, 93, 59, 67, 95,100, 88, 66,100, 24, 48,  0,  0, 14, 9
 46, 90, 70, 87, 16, 80,  0, 94, 54,100,100, 82, 94, 39, 70,  0, 9
 94, 95, 42,100, 35, 71, 86, 84,100, 66,100, 25, 55,  2,  0,  0, 9
 77, 87, 98, 82, 78,100, 52, 67, 97, 65,100, 23, 49,  0,  0, 16, 9
  0, 74, 51, 63,100, 96, 34,100, 15, 69, 88, 83, 82, 45, 65,  0, 9
 60, 95, 84, 73, 85,100, 36, 87, 99, 76,100, 39, 64,  9,  0,  0, 9
100, 80, 46,100, 25, 68, 88, 75, 86, 75, 96, 32, 57,  0,  0, 19, 9
 88,100, 25, 87, 61, 58, 92, 89, 89, 63,100, 23, 47,  0,  0, 23, 9
 51, 76,  0, 73, 11, 95, 60,100, 97, 83,100, 55, 91, 27, 83,  0, 9
 88,100, 38, 82, 63, 53,100, 82, 98, 67, 95, 31, 67,  0,  0,  8, 9
  9, 83, 66, 72, 95,100,  0, 91, 44, 74,100, 73, 82, 37, 78,  0, 9
 87, 71, 85,100, 46, 81, 89, 71,100, 74, 91, 30, 51,  4,  0,  0, 9
100, 88, 47,100, 23, 66, 80, 66, 91, 78, 93, 36, 62,  0,  0,  3, 9
100,100, 55, 86, 93, 81, 97, 76, 97, 51, 93, 26, 55,  7,  0,  0, 9
 92, 90, 51,100, 34, 76, 87, 79,100, 67, 92, 29, 53,  4,  0,  0, 9
 52, 89,  1,100,  0, 72, 60, 76, 68, 73,100, 39, 88,  6, 27,  0, 9
 90, 88, 43,100, 15, 69, 67, 66, 86, 66,100, 27, 59,  3,  0,  0, 9
 96, 91, 37,100, 56, 59, 93, 91, 94, 71,100, 26, 56,  0,  0, 20, 9
 90, 82, 46,100, 38, 56, 97, 74, 92, 84,100, 35, 62,  0,  0, 19, 9
  0, 78, 57, 74, 91,100, 10, 94, 23, 74,100, 80, 86, 40, 85,  0, 9
  1, 80, 50, 69,100,100,  1, 90,  0, 62, 97, 81, 97, 41, 86,  0, 9
 78,100, 17, 99, 24, 73, 83, 80,100, 68, 98, 30, 61,  2,  0,  0, 9
 74,100, 10, 93, 15, 69, 77, 80, 78, 66,100, 30, 66,  4,  0,  0, 9
 92, 75, 51, 67, 51, 98, 94,100,100, 63, 84, 28, 49,  0,  0,  2, 9
 91, 98, 43,100, 45, 75, 95,100,100, 76, 95, 43, 61, 14,  0,  0, 9
 26,100,  6, 58, 59, 94,100, 50, 61,  0,  0,  0, 30, 60, 16, 98, 9
100, 71, 72,100, 34, 78, 84, 71, 98, 71, 91, 29, 48,  2,  0,  0, 9
 54,100,  0, 92, 10, 62, 64, 69, 73, 71,100, 36, 79,  7, 23,  0, 9
100, 91, 38,100, 32, 62, 99, 70, 96, 83, 97, 40, 69,  1,  0,  0, 9
100, 91, 53,100, 48, 69, 93, 88, 93, 65, 87, 24, 49,  0,  0, 14, 9
  0, 86, 24, 71, 84, 95, 22,100, 28, 77,100, 81, 97, 40, 97,  0, 9
 93,100, 50, 87,100, 91, 93, 70, 91, 44, 89, 18, 57,  1,  0,  0, 9
100, 96, 46,100, 79, 89, 82, 88, 82, 57, 87, 27, 57,  5,  0,  0, 9
 41, 83, 88, 70, 78,100, 41, 80, 94, 64,100, 28, 56,  1,  0,  0, 9
 93,100, 42, 95, 60, 70, 99,100, 97, 77,100, 37, 58,  9,  0,  0, 9
 95, 86, 64,100, 61, 78, 95, 99,100, 60, 83, 21, 44,  2,  0,  0, 9
 80, 94, 33,100, 47, 57, 96, 85, 87, 92,100, 44, 76,  0,  0, 19, 9
 69, 95, 74, 65, 93,100, 44, 86, 97, 75,100, 30, 56,  0,  0, 15, 9
 75,100, 78, 82, 87, 97, 57, 84,100, 64, 91, 33, 53, 10,  0,  0, 9
100,100, 56, 95, 78, 84, 95, 83, 97, 54, 89, 26, 49,  8,  0,  0, 9
 69, 99, 13,100,  0, 65, 54, 68, 70, 74,100, 37, 74,  5, 17,  0, 9
 56,100,  0, 98, 10, 73, 64, 82, 81, 70,100, 33, 64,  7,  8,  0, 9
 39, 57,100, 90, 29,100, 37, 64, 95, 92, 95, 49, 82,  3,  0,  0, 9
 92,100, 19, 98, 45, 60, 98, 90,100, 74,100, 26, 42,  0,  0, 31, 9
 55, 92, 95, 81, 87,100, 57, 85,100, 69, 85, 38, 46, 16,  0,  0, 9
 64, 70,100,100, 53, 89, 81, 82, 96, 66, 99, 23, 54,  0,  0, 11, 9
100,100, 61, 92, 96, 89, 88, 70, 89, 44, 88, 18, 49,  4,  0,  0, 9
 99, 74, 62,100, 23, 75, 60, 53, 95, 58,100, 11, 49,  1,  0,  0, 9
 87, 95, 34,100, 57, 77,100, 96, 88, 70, 99, 28, 57,  2,  0,  0, 9
 56,100,  0, 98,  6, 72, 60, 78, 77, 72,100, 33, 89,  1, 33,  0, 9
 98, 88, 45,100, 28, 67, 86, 66,100, 69,100, 31, 61,  0,  0, 11, 9
 95, 77, 46,100,  5, 71, 54, 55, 95, 75,100, 28, 62,  0,  0,  6, 9
  0, 84, 32, 66, 88, 88, 25,100, 29, 79,100, 67, 89, 34, 83,  0, 9
 83, 66, 46,100,  0, 73, 37, 46, 81, 78,100, 34, 64,  0,  6,  3, 9
100, 72, 74,100, 35, 73, 65, 53, 84, 65, 90, 25, 55,  0,  0,  2, 9
 72, 72, 90,100,  0, 94,  5, 59, 91, 65,100, 68, 60, 34, 25,  0, 9
100, 83, 54,100, 23, 73, 70, 65, 89, 68, 89, 26, 51,  0,  0, 12, 9
100, 83, 57,100, 40, 67, 88, 75, 98, 54, 97, 11, 48,  0,  0, 12, 9
 70, 91, 88, 79, 74,100, 77, 79,100, 51, 93, 13, 43,  0,  0, 19, 9
 75,100, 23, 96, 31, 75, 82, 82,100, 65, 91, 27, 50,  4,  0,  0, 9
 69, 94,  4,100,  8, 70, 82, 76, 69, 85,100, 46, 74, 11,  0,  0, 9
 71, 84, 25,100,  0, 69, 56, 66, 76, 74,100, 36, 66,  5,  7,  0, 9
100, 96, 56,100, 50, 72, 92, 90, 92, 65, 85, 24, 47,  0,  0,  4, 9
  0, 74, 59, 77,100,100, 31, 97, 28, 72, 92, 70, 89, 35, 88,  0, 9
 75, 88,100,100, 61, 88, 97, 80,100, 40, 87,  4, 39,  0,  0, 22, 9
 60, 89, 99, 83, 65,100, 75, 80,100, 48, 82, 11, 29,  0,  0, 33, 9
 91,100, 26, 98, 49, 62,100, 78,100, 78, 99, 34, 62,  0,  0, 19, 9
 58, 58,100, 91, 25,100,  0, 67, 86, 63, 88, 70, 47, 35,  8,  0, 9
 32, 76, 79, 66, 75,100, 40, 89, 88, 66,100, 26, 52,  6,  0,  0, 9
 80, 76, 47,100,  5, 72, 62, 64, 75, 72,100, 29, 64,  0,  0,  2, 9
 80, 86, 30,100, 36, 60, 95, 73, 93, 78,100, 35, 62,  0,  0, 19, 9
 90, 69, 63,100, 21, 75, 60, 67, 91, 59,100, 17, 54,  0,  0,  6, 9
 73, 85, 93, 77, 73,100, 53, 70,100, 64, 97, 21, 48,  0,  0, 24, 9
 96, 83, 57,100, 38, 65, 90, 72,100, 72,100, 25, 54,  2,  0,  0, 9
 75,100, 38, 82, 74, 82, 80, 71, 96, 46,100, 20, 54,  4,  0,  0, 9
 97, 86, 61,100, 54, 71, 98, 85,100, 64, 87, 25, 48,  0,  0,  2, 9
 88, 68, 59,100, 14, 83, 58, 66, 88, 63,100, 23, 58,  0,  0,  6, 9
100, 74, 51, 73,  0, 79, 23,100, 72, 95,100, 66,100, 32, 85,  0, 9
 78,100, 31, 86, 57, 71, 88, 89,100, 53, 94, 17, 50,  1,  0,  0, 9
 14, 99, 49, 72, 60,100, 25, 93, 75, 70,100, 35, 59,  7,  0,  0, 9
 55, 54, 34, 74,  0, 92, 56,100,100, 82,100, 54, 86, 27, 70,  0, 9
 40, 63,  4, 75,  0, 97, 43,100, 84, 89,100, 61, 91, 29, 75,  0, 9
 80,100, 32, 95, 70, 84, 73, 73, 88, 48,100, 23, 62,  4,  0,  0, 9
 69, 63,100,100, 12,100,  0, 66, 86, 77, 99, 75, 67, 35, 49,  0, 9
 80,100, 31, 81, 51, 67, 95, 84, 97, 55,100, 27, 64,  5,  0,  0, 9
 83, 75, 48, 45, 17, 67, 56,100,100, 79, 92, 36, 58,  0,  0,  0, 9
 93, 71, 19, 73,  0, 92, 67,100,100, 78, 74, 50, 38, 25,  0,  0, 9
 73,100, 16, 99, 42, 83, 96, 97,100, 61, 99, 23, 57,  0,  0,  5, 9
 69, 84, 67,100,  5, 72, 73, 61,100, 96, 92, 48, 63,  2,  0,  0, 9
100, 67, 76,100, 27, 83, 54, 61, 86, 71, 95, 29, 55,  2,  0,  0, 9
  0, 87, 45, 72,100,100, 27,100, 30, 73, 97, 83, 89, 41, 91,  0, 9
 90, 62, 52, 42, 30, 69, 68,100,100, 73, 86, 33, 52,  0,  0,  4, 9
  0, 77, 58, 73, 82,100, 15, 94, 38, 74,100, 71, 80, 35, 67,  0, 9
 76, 80, 80,100, 19, 88, 74, 79,100, 78, 98, 40, 55, 12,  0,  0, 9
 80, 64, 51, 54, 24, 77, 69,100,100, 73, 90, 35, 56,  4,  0,  0, 9
 47, 63,  1, 67,  0, 88, 45,100, 90, 90,100, 59, 81, 28, 55,  0, 9
 92, 79, 66,100, 38, 64, 86, 61,100, 78, 99, 33, 60,  0,  0,  5, 9
  0, 70, 60, 69, 82,100,  3, 83, 48, 70,100, 78, 76, 39, 64,  0, 9
 90, 88, 31,100, 31, 62, 90, 76, 97, 79,100, 33, 59,  0,  0, 23, 9
 13, 88,  0,100, 49,100, 89, 88,100, 66, 94, 43, 79, 21, 60,  0, 9
 78, 64, 54, 53, 23, 76, 66,100,100, 72, 87, 31, 49,  0,  0,  6, 9
 91, 77, 55,100, 18, 73, 62, 62, 95, 57,100, 19, 65,  0,  0,  6, 9
100, 80, 65, 43, 26, 55, 50,100, 90, 92, 83, 42, 49,  3,  0,  0, 9
 93, 96, 37,100, 45, 62,100, 83, 90, 81, 90, 38, 63,  0,  0, 10, 9
 67, 94, 17,100, 43, 67, 98, 94, 93, 81,100, 39, 74,  0,  0,  6, 9
100, 92, 52,100, 31, 64, 84, 74, 86, 77, 89, 35, 56,  0,  0, 11, 9
 72, 57,100, 85, 41,100, 11, 68, 78, 69, 85, 52, 69, 15,  0,  0, 9
 28, 69,100, 87, 40,100,  0, 67, 80, 68, 91, 70, 45, 35,  7,  0, 9
100, 75, 55,100, 20, 72, 65, 60, 84, 65, 98, 21, 53,  0,  0,  2, 9
 49, 61, 95, 87, 52,100, 41, 69,100, 83, 78, 53, 54, 18,  0,  0, 9
100, 78, 67,100, 25, 78, 64, 67, 94, 66, 93, 26, 54,  0,  0,  1, 9
 49, 80, 88, 75, 65,100, 55, 85, 99, 62,100, 28, 56,  6,  0,  0, 9
 40, 99,  0, 99, 23, 73, 53,100, 77, 68,100, 30, 59,  5,  3,  0, 9
 91, 60, 70,100, 16, 88, 32, 50, 87, 76,100, 27, 58,  0,  0,  6, 9
 83, 90, 39,100, 29, 70, 86, 76,100, 67, 99, 27, 59,  1,  0,  0, 9
 22, 76, 43, 69, 95,100,  0, 96, 20, 71,100, 81, 82, 41, 69,  0, 9
 95, 72, 46, 68, 46,100, 91, 99,100, 66, 85, 32, 49,  6,  0,  0, 9
 60,100, 23, 88, 71, 92,100, 96, 90, 65, 87, 32, 56,  7,  0,  0, 9
100, 96, 50,100, 45, 61, 91, 75, 94, 78, 93, 35, 57,  0,  0,  1, 9
 84, 94, 39,100, 28, 61, 88, 66,100, 92, 91, 46, 60,  7,  0,  0, 9
 82, 88, 45,100, 51, 65,100, 80, 90, 76, 98, 30, 56,  3,  0,  0, 9
 95, 63, 55, 48, 31, 74, 72,100,100, 72, 84, 33, 50,  0,  0,  1, 9
 72,100, 66, 68, 93, 98, 44, 83, 90, 74,100, 30, 60,  0,  0,  9, 9
100, 83, 37, 83,  0, 99, 60,100, 97, 79, 92, 51, 68, 25, 45,  0, 9
 71, 93, 85, 82, 65,100, 79, 77,100, 48, 79, 18, 40,  4,  0,  0, 9
 97, 86, 61,100, 25, 69, 79, 87, 89, 79,100, 34, 58,  3,  0,  0, 9
100, 71, 54, 62, 46, 90, 85,100, 89, 63, 74, 27, 42,  0,  0, 11, 9
 88, 91, 52, 91, 73, 73, 94,100,100, 58, 87, 18, 46,  0,  0,  1, 9
 89, 83, 58,100, 32, 68, 77, 64,100, 74, 88, 29, 48,  4,  0,  0, 9
 59, 65,100, 98, 31,100, 10, 64, 83, 67, 85, 52, 60, 13,  0,  0, 9
 69, 99, 25,100, 34, 72, 84, 91, 84, 68,100, 22, 57,  0,  0, 12, 9
 86,100, 36, 84, 89, 89, 95, 71, 95, 44,100, 18, 59,  0,  0,  0, 9
 77, 94, 31,100, 52, 86, 92, 96, 94, 62,100, 28, 71,  0,  0,  0, 9
 96, 77, 68,100, 33, 73, 79, 67,100, 73, 94, 25, 51,  1,  0,  0, 9
 83,100, 47, 91, 70, 81,100, 86, 94, 55, 91, 23, 55,  3,  0,  0, 9
 86, 88, 61,100, 49, 71, 95, 80,100, 60, 95, 22, 51,  0,  0,  2, 9
 76, 99, 17,100, 22, 77, 78, 86,100, 73, 95, 36, 56, 10,  0,  0, 9
 79, 98,100, 92, 64,100, 55, 68, 92, 69, 91, 23, 44,  0,  0, 26, 9
 70,100, 17, 99,  0, 74, 53, 72, 78, 70,100, 38, 84,  8, 32,  0, 9
 65, 56,100, 84, 48,100,  0, 76, 45, 59, 77, 61, 42, 30, 19,  0, 9
 81, 80, 34,100,  0, 73, 63, 65, 89, 77,100, 36, 89,  0, 22,  1, 9
 59,100,  5, 95, 38, 72, 62, 89, 73, 56,100, 22, 60,  1,  0,  0, 9
100, 89, 57, 56,  6, 63, 37,100, 94, 92, 92, 50, 61, 12,  0,  0, 9
 81, 85, 52,100, 38, 61, 87, 54,100, 75, 87, 32, 50,  0,  0,  2, 9
 99, 66, 41, 58, 19, 84, 70,100,100, 70, 93, 34, 59,  3,  0,  0, 9
100, 85, 57,100, 44, 74, 90, 76, 93, 54, 82, 15, 41,  0,  0, 20, 9
 90,100, 45, 93, 66, 75, 94, 92,100, 53, 92, 16, 49,  0,  0,  0, 9
 65,100,  0, 96, 24, 75, 79, 93, 91, 68,100, 31, 69,  0,  2,  1, 9
100, 89, 61,100, 47, 70, 85, 91, 97, 60, 85, 19, 45,  0,  0,  1, 9
100,100, 59, 85, 89, 80, 84, 60, 82, 36, 92, 13, 52,  1,  0,  0, 9
 19, 70,  0, 86, 46,100, 94, 92,100, 68, 83, 44, 59, 22, 41,  0, 9
 25, 76, 75,100, 17, 68, 61, 54, 89, 90,100, 44, 87, 10,  0,  0, 9
 63, 85,100, 88, 61,100, 80, 78, 99, 58, 98, 15, 49,  0,  0, 15, 9
 61, 80, 97, 90, 60,100, 67, 80,100, 58, 83, 24, 44,  4,  0,  0, 9
 92, 72, 72,100, 34, 72, 76, 57,100, 71, 96, 29, 56,  0,  0,  6, 9
 42, 84, 80, 85, 52,100, 67, 81,100, 57, 85, 22, 44,  5,  0,  0, 9
 82,100,  2, 92,  8, 61, 75, 80, 71, 79,100, 44, 81, 11,  0,  0, 9
100, 72, 77,100, 20, 74, 71, 56, 94, 81, 95, 39, 65,  0,  0,  0, 9
 99, 98, 40,100, 39, 68, 96, 77, 86, 83,100, 38, 62,  6,  0,  0, 9
 63, 88, 87, 80, 71,100, 71, 78,100, 61, 99, 21, 52,  0,  0, 12, 9
 86, 78, 60,100, 51, 63, 95, 77,100, 66, 90, 22, 47,  0,  0, 16, 9
  6, 83, 99, 86, 80,100,  0, 80,100, 81, 91, 57, 71, 28, 54,  0, 9
100, 85, 57,100, 23, 65, 82, 63, 97, 78, 96, 37, 64,  0,  0,  7, 9
 83, 89, 36,100, 45, 59, 92, 84, 92, 75,100, 28, 58,  0,  0, 19, 9
100, 70, 49, 55, 15, 73, 53,100, 93, 85, 80, 46, 48, 14,  0,  0, 9
 56, 60,100, 84, 44,100,  0, 72, 66, 61, 85, 65, 68, 32, 53,  0, 9
100, 69, 54, 61, 13, 77, 56,100, 96, 77, 90, 44, 58, 14,  0,  0, 9
 74, 87, 31,100,  0, 69, 62, 64,100, 79,100, 38, 84,  0, 18,  1, 9
 91, 74, 54,100,  0, 87, 23, 59, 81, 67,100, 39, 79,  4, 21,  0, 9
 99, 80, 63,100, 25, 76, 79, 68,100, 62, 97, 23, 54,  0,  0, 16, 9
  0,  0, 31, 15, 63, 30, 88, 52,100, 79, 82,100, 56, 82, 79, 64, 9
 64, 93,  0, 67, 97, 67, 89,100, 14, 70,100, 68, 96, 36, 28,  0, 9
 80,100, 36,100, 58, 80, 65, 82, 82, 47,100, 14, 53,  0,  0,  7, 9
 90, 71,100,100, 25, 85, 10, 50, 80, 62, 99, 53, 64, 17,  0,  0, 9
 95, 92, 50,100, 21, 77, 74, 87,100, 86, 69, 56, 37, 26,  0,  0, 9
 40, 72, 16, 50, 96, 69, 70,100,  0, 73, 65, 57,100, 47, 94,  0, 9
 50, 97, 72, 68,100,100, 42, 86, 93, 72, 89, 48, 70,  7,  0,  0, 9
 37,100, 48, 57, 74, 97, 27, 97, 80, 68,100, 26, 49,  0,  0, 22, 9
 96,100, 52, 95, 48, 76, 96, 98,100, 85, 71, 54, 39, 25,  0,  0, 9
 53, 87, 32, 47, 98, 64, 69,100, 58, 69,100, 61, 71,  3,  0,  0, 9
100, 88, 69,100, 20, 84, 70, 86, 93, 71, 70, 44, 38, 19,  0,  0, 9
 13, 80, 53, 71,100,100, 23, 99,  0, 71, 81, 74, 74, 40, 47,  0, 9
  0, 59, 77, 74,100,100, 17, 93,  7, 71, 82, 68, 45, 35, 20,  0, 9
 88, 99, 45, 82, 78, 75, 90,100,100, 68, 93, 36, 59,  9,  0,  0, 9
 79, 74, 21, 67, 15, 92, 71,100,100, 75, 73, 45, 36, 18,  0,  0, 9
 19, 86, 35, 72, 95, 94,  0,100, 60, 78,100, 52, 67, 26, 26,  0, 9
 83, 86, 44,100,  0, 74, 58, 67,100, 94, 89, 63, 77, 31, 75,  0, 9
 89, 87, 38,100, 17, 78, 80, 77,100, 76, 92, 34, 61,  0,  0,  4, 9
 92, 73, 32, 63,  0, 86, 51,100,100, 82, 96, 51, 64, 23, 21,  0, 9
 65, 96, 81, 66,100,100, 40, 92, 71, 64, 93, 45, 65,  5,  0,  0, 9
  0,  0, 38, 13, 71, 34, 94, 61,100, 90, 63,100, 44, 76, 73, 53, 9
 49, 54,100, 78, 65,100,  0, 82, 12, 60, 90, 64, 95, 33, 86,  0, 9
 76, 82, 34, 77,  0, 84, 55,100,100, 85, 77, 52, 38, 25,  3,  0, 9
 62, 45, 95, 75, 69,100,  4, 86,  0, 59, 74, 57,100, 32, 94,  0, 9
100, 96, 66,100, 63, 85, 85, 88, 78, 53, 66, 20, 35,  0,  0, 12, 9
100, 74, 46, 65,  0, 78, 36,100, 78, 88, 80, 58, 78, 28, 88,  0, 9
 45, 92, 19, 94, 42, 68, 58,100, 89, 69,100, 24, 55,  0,  0,  3, 9
 38, 96, 49, 68, 74,100, 24, 87, 91, 80,100, 30, 54,  0,  0, 32, 9
100, 99, 56,100, 31, 65, 87, 73, 98, 90, 94, 48, 61, 13,  0,  0, 9
 97, 66, 77,100,  8, 96,  0, 67, 69, 72,100, 73, 92, 36, 86,  0, 9
 79, 97,  0,100,  9, 73, 89, 87,100, 95, 79, 63, 60, 30, 57,  0, 9
 64, 60, 76,100, 13, 99, 39, 75,100, 87, 98, 44, 65,  6,  0,  0, 9
 22, 77, 89, 62, 98,100, 32, 87, 68, 63,100, 55, 81, 11,  0,  0, 9
 29, 74, 97, 77,100,100,  0, 84,  2, 59,100, 71, 44, 35,  7,  0, 9
 72,100, 36, 98, 39, 81, 82, 99,100, 84, 70, 48, 37, 16,  0,  0, 9
 80,100, 31, 86, 63, 74,100, 95, 83, 70, 81, 41, 56, 15,  0,  0, 9
100, 82, 76,100, 57, 78, 99, 87, 92, 68, 67, 40, 38, 14,  0,  0, 9
100, 69, 78,100, 37, 85, 83, 77, 91, 52, 97, 15, 51,  0,  0,  0, 9
100, 81, 55, 54,  0, 63, 23, 95, 84,100, 94, 64, 74, 29, 35,  0, 9
100, 64, 45, 45,  0, 65, 22,100, 80, 99, 99, 62, 85, 23, 40,  0, 9
 68, 46, 89, 75, 52,100,  0, 80,  6, 53, 72, 54,100, 33, 89,  0, 9
 84, 52, 98, 96, 64,100, 73, 62,100, 55, 83,  9, 42,  0,  0,  4, 9
 27, 84, 65, 77, 71,100,  0, 88, 78, 80,100, 53, 60, 24,  5,  0, 9
 62, 99, 19,100, 55, 82, 71, 98, 99, 58,100, 14, 49,  0,  0, 20, 9
100, 92, 62,100, 21, 75, 51, 73, 87, 85, 63, 51, 36, 17,  0,  0, 9
 85, 87, 48, 72,  0, 73, 34,100, 82, 96, 89, 64, 87, 31,100,  0, 9
 16, 81, 40, 59,100, 90, 30,100, 48, 69, 95, 59, 75,  9,  0,  0, 9
100,100, 61, 87, 70, 65, 93, 92, 89, 64, 74, 28, 41,  6,  0,  0, 9
 98, 74, 82,100,  6, 85, 10, 60, 87, 75,100, 47, 69, 17,  0,  0, 9
100, 85, 48, 79, 18,100, 57, 99, 64, 62, 69, 26, 43,  0,  0, 19, 9
  7,100, 74, 93, 38, 60,  0, 93, 70, 92,100, 44, 67,  0,  4,  7, 9
 60, 98, 34, 56, 99, 66, 74,100, 58, 65,100, 58, 66,  0,  0,  8, 9
 48, 99,  9,100, 44, 82, 64, 89, 92, 56,100, 18, 55,  0,  0,  5, 9
100, 77, 57,100,  0, 81, 20, 50, 79, 66, 86, 68, 81, 31, 84,  0, 9
 25, 97, 37, 70,100, 88, 27,100,  0, 80, 76, 65, 75, 31, 29,  0, 9
  0,  0, 42, 10, 79, 33,100, 64, 89, 96, 40,100, 22, 73, 67, 64, 9
 78, 72, 81,100,  8, 91,  0, 55, 69, 59,100, 71, 74, 33, 58,  0, 9
 30,100,  0, 78, 56, 82, 44, 78, 75, 51,100, 22, 72,  0, 15,  7, 9
 86, 88, 33, 65,  0, 87, 58,100, 87, 67,100, 31, 93,  0, 19,  7, 9
 97, 81, 52,100,  0, 87, 21, 60, 76, 70,100, 47, 74, 12, 23,  0, 9
 63, 93, 36,100, 30, 74, 58, 85, 80, 53,100, 20, 60,  0,  0,  8, 9
 82, 90, 39,100, 25, 64, 75, 80,100, 83, 91, 43, 58,  9,  0,  0, 9
 79, 81, 57,100, 17, 82, 62, 65, 99, 52,100, 16, 52,  1,  0,  0, 9
 71, 92, 48, 62,100, 82, 59,100, 87, 75, 87, 47, 55,  0,  0,  5, 9
 63, 98, 95, 76, 93,100, 61, 74,100, 81, 99, 33, 67,  0,  0,  4, 9
  0,100, 28, 65,100, 79, 38, 96, 58, 55, 96, 44, 72,  0, 11, 23, 9
100,100, 55, 99, 39, 73, 91, 84, 86, 76, 68, 47, 43, 20,  0,  0, 9
100, 52, 40, 48,  0, 71, 26,100, 78, 91, 88, 57, 73, 22, 33,  0, 9
 81, 97,  2, 90,  0, 61, 81, 72,100,100, 81, 67, 69, 33, 59,  0, 9
 98, 78, 44, 76, 40,100, 91, 98,100, 69, 79, 42, 44, 18,  0,  0, 9
 94, 77, 54,100,  0, 74, 47, 52, 85, 76,100, 38, 82,  0,  5,  0, 9
 70, 69,100, 95, 40,100,  0, 74, 53, 75, 78, 57, 51, 28, 21,  0, 9
100, 87, 26,100,  0, 70, 66, 68, 97, 99, 86, 66, 72, 33, 69,  0, 9
 57, 96,  3,100, 27, 74, 62, 90, 86, 71,100, 31, 63,  0,  0,  3, 9
 24, 86, 36, 55, 98, 77, 27,100, 45, 81,100, 49, 84, 10,  0,  0, 9
 93, 69,100,100, 44, 95, 12, 68, 68, 69, 80, 46, 50, 17,  0,  0, 9
 80,100, 32, 85, 63, 72, 61, 81, 86, 48,100, 16, 53,  0,  0,  5, 9
 69, 90, 33,100, 63, 76, 70, 98,100, 61, 98, 16, 51,  0,  0, 10, 9
  0, 79, 65, 71,100,100, 27, 90,  3, 62, 78, 68, 70, 41, 35,  0, 9
 75, 87, 39,100, 30, 65, 83, 75,100, 70, 91, 31, 57,  0,  0,  9, 9
 98, 70, 85,100, 33, 86, 46, 65,100, 73, 84, 37, 52,  6,  0,  0, 9
100, 75, 79,100, 47, 82, 79, 84, 66, 64, 62, 23, 36,  0,  0,  5, 9
100, 80, 54,100, 42, 64, 92, 80, 96, 76, 94, 35, 62,  0,  0,  8, 9
 51, 67,100, 87, 56,100,  0, 84, 48, 74, 91, 54, 65, 24, 22,  0, 9
 77, 96, 29, 90, 66, 73, 66,100,100, 64, 93, 19, 49,  0,  0, 20, 9
  7,100,  0, 73, 57, 81, 49, 80, 76, 52,100, 23, 65,  0,  1,  2, 9
100, 67, 66,100,  0, 89, 10, 55, 70, 70, 87, 50, 74,  9, 12,  0, 9
 86, 86, 37,100,  0, 74, 53, 62,100, 86, 83, 66, 61, 32, 41,  0, 9
 41,100,  0, 80, 52, 71, 68, 77, 83, 49,100, 19, 65,  0,  6,  2, 9
 25, 98,  7, 67, 95, 78, 36,100,  0, 79,100, 71, 76, 33, 14,  0, 9
100, 71, 46, 71, 18, 92, 66,100, 91, 74, 75, 45, 44, 19,  0,  0, 9
100, 81, 52, 62, 17, 77, 57,100, 79, 68, 75, 31, 52,  0,  0, 12, 9
 57, 87,100, 69, 97,100, 23, 83, 74, 59, 96, 52, 78, 10,  0,  0, 9
 44,100, 58, 57,100, 88, 40, 95, 63, 62, 77, 60, 67, 10,  0,  0, 9
  0, 81, 54, 58,100, 82, 33,100, 37, 81, 82, 55, 72, 20, 12,  0, 9
 97, 69, 79,100,  0, 92, 18, 60, 96, 74,100, 68, 83, 32, 83,  0, 9
 87, 62, 61,100,  0, 87, 18, 48, 78, 73,100, 63, 71, 20, 10,  0, 9
100,100, 63, 85, 83, 78, 93, 84, 90, 52, 77, 23, 45,  0,  0,  2, 9
 88,100, 53, 84, 77, 69,100, 86, 88, 60, 73, 35, 43, 13,  0,  0, 9
 28, 95, 39, 84, 67,100, 42, 90, 81, 62,100, 27, 56,  3,  0,  0, 9
  8, 94, 40, 66, 95,100, 26,100, 88, 85,100, 50, 81,  1,  0,  0, 9
100, 81, 55,100,  0, 83, 33, 65, 85, 85, 83, 64, 64, 32, 62,  0, 9
100,100, 55, 91, 79, 72, 94, 93, 86, 66, 80, 35, 48, 11,  0,  0, 9
 94, 79, 69,100, 48, 71, 85, 70,100, 54, 85, 18, 44,  0,  0,  9, 9
 85,100, 40, 99, 51, 71,100, 96, 71, 91, 91, 57, 62, 24,  0,  0, 9
100,100, 12, 94,  0, 72, 85, 83, 94, 85, 81, 56, 65, 27, 62,  0, 9
 86,100, 43, 83, 71, 66,100, 87, 83, 67, 76, 40, 48, 17,  0,  0, 9
 79, 89,100,100, 41, 96,  0, 74, 53, 66, 95, 51, 74, 24, 39,  0, 9
 99, 74,100,100, 45, 90, 44, 65,100, 66, 92, 35, 57,  8,  0,  0, 9
 87, 74, 64,100, 11, 85, 68, 78,100, 72, 84, 26, 38,  0,  0, 15, 9
 61, 59,100, 80, 66,100, 15, 85,  0, 55, 55, 48, 87, 32, 71,  0, 9
 33, 94, 60, 64, 99,100, 38, 99, 79, 85,100, 55, 73, 11,  0,  0, 9
100, 81, 64,100, 43, 68, 87, 77, 81, 55,100, 20, 57,  0,  0,  8, 9
100, 75, 60,100,  0, 85, 14, 53, 75, 68, 88, 78, 73, 39, 71,  0, 9
100, 73, 76,100,  0, 88, 21, 64, 98, 78, 96, 65, 86, 32, 82,  0, 9
 88, 99, 18,100,  0, 69, 75, 81,100, 95, 86, 62, 73, 30, 76,  0, 9
 78,100, 23, 83, 59, 64,100, 83, 76, 74, 77, 46, 55, 20,  0,  0, 9
100, 79, 81,100, 41, 79, 62, 59, 93, 64, 80, 27, 46,  0,  0,  0, 9
100, 77, 61,100, 21, 79, 71, 70, 81, 73, 78, 33, 53,  0,  0,  2, 9
  0, 73, 26, 62, 99, 96, 12,100, 21, 66,100, 71, 96, 29, 49,  0, 9
 62, 44, 98, 76, 65,100,  3, 84,  0, 52, 70, 49,100, 35, 84,  0, 9
 24, 68, 51, 60, 96, 97, 32,100, 60, 75,100, 49, 70,  0,  0,  3, 9
 82,100, 16, 90,  0, 58, 60, 58, 93, 89,100, 60, 85, 26, 41,  0, 9
  0,  0, 32, 10, 66, 31, 92, 56, 97, 88, 61,100, 57, 76,100, 65, 9
 28, 73, 81, 60, 73,100, 39, 72, 91, 85,100, 42, 88,  0,  0,  1, 9
 93, 95, 47,100, 54, 66,100, 80, 95, 64, 93, 20, 50,  0,  0,  9, 9
100, 89, 62,100, 47, 67, 91, 79, 94, 67, 91, 31, 63,  0,  0,  3, 9
 70,100, 35, 59, 96, 65, 56, 93, 67, 71,100, 53, 66,  3,  0,  0, 9
  0,  0, 40,  9, 74, 26, 95, 52,100, 80, 73,100, 46, 81, 74, 63, 9
 62, 57,100, 85, 52,100,  0, 76, 39, 64, 79, 57, 52, 24,  5,  0, 9
 30, 97, 82,100, 65, 67, 19, 87, 81, 83,100, 39, 68,  0,  0, 16, 9
 52, 70,100, 89, 50,100,  0, 82, 55, 72, 96, 54, 77, 26, 55,  0, 9
 94, 77, 61,100, 53, 73,100, 78, 98, 58, 94, 15, 49,  0,  0, 14, 9
 87, 90, 38,100,  0, 82, 46, 71,100, 71, 73, 47, 38, 24, 27,  0, 9
 46, 87, 62, 65, 97,100, 32, 89, 62, 66,100, 48, 71,  4,  0,  0, 9
  0, 96, 23, 46, 91, 55, 80,100, 49, 94,100, 59, 81,  7, 15,  0, 9
 40,100,  0, 96,  1, 72, 44, 91, 63, 58,100, 29, 96,  0, 39,  9, 9
  0,  0, 39, 12, 76, 32, 96, 58, 97, 84, 59,100, 53, 77,100, 63, 9
 40,100, 27, 71, 65, 89, 13, 90, 60, 62,100, 30, 62,  0,  0,  1, 9
  0,  3, 28,  0, 62, 18, 87, 43,100, 71, 89,100, 54, 98, 78, 80, 9
 96, 82, 63,100,  0, 84, 31, 71,100, 84, 91, 55, 64, 28, 36,  0, 9
 82, 73, 61,100,  0, 80, 35, 55,100, 77, 99, 61, 87, 23, 98,  0, 9
 43, 97, 80, 79, 22, 66, 35,100, 86, 75,100, 23, 48,  0,  0, 24, 9
  8,100, 25, 75, 84, 99,  0,100, 20, 83,100, 81, 60, 39, 13,  0, 9
100,100, 40, 88, 40, 67, 97, 79, 94, 65, 82, 40, 52, 16,  0,  0, 9
100, 98, 54,100, 52, 68, 83, 95, 95, 61, 92, 18, 48,  0,  0,  2, 9
  8, 64, 65, 74,100,100, 43, 93,  0, 66, 57, 72, 48, 42, 27,  0, 9
 42, 97, 13, 94, 51, 76, 57,100, 90, 64,100, 21, 55,  0,  0,  0, 9
 90, 78, 43,100,  0, 73, 63, 68, 95, 94,100, 51, 79, 11, 16,  0, 9
100, 80, 54, 77, 25, 96, 78,100, 99, 74, 76, 45, 42, 20,  0,  0, 9
 79, 68,100, 94, 47,100,  0, 83, 27, 62, 84, 58, 91, 30, 80,  0, 9
 34, 67, 98, 74,100,100, 32, 90,  0, 63, 69, 65, 85, 41, 64,  0, 9
 22, 53, 76, 70,100,100, 39, 99,  0, 71, 53, 61, 67, 31, 40,  0, 9
 88,100, 48, 94, 59, 69,100, 85, 90, 56, 80, 23, 46,  0,  0, 12, 9
 80, 78, 32,100, 16, 68, 81, 71,100, 71,100, 35, 68,  4,  0,  0, 9
 48,100, 31, 76, 85, 88, 17, 98, 65, 71,100, 38, 68,  6,  0,  0, 9
 69, 98, 53, 83, 85, 98, 46,100, 81, 65,100, 27, 42, 11,  0,  0, 9
 84, 83, 22, 76,  8, 95, 72,100,100, 76, 77, 47, 41, 22,  0,  0, 9
100, 96, 44, 75, 22,100, 77, 99, 91, 65, 93, 29, 67,  0,  0, 12, 9
100, 93, 62, 77,  0, 61, 13, 88, 76,100, 94, 67, 72, 33, 46,  0, 9
 80,100, 34, 87, 69, 69,100, 90, 81, 74, 74, 45, 44, 20,  0,  0, 9
 86, 71, 70,100,  0, 87, 13, 60, 86, 71,100, 60, 87, 27, 88,  0, 9
  6, 96, 23, 52,100, 63, 53,100, 19, 77, 94, 48, 87,  2,  0,  0, 9
 42, 81,  6, 56, 95, 70, 71,100, 19, 62,100, 75, 75, 29,  0,  0, 9
 65, 64,  9, 63, 20, 92, 73,100,100, 75, 80, 46, 42, 22,  0,  0, 9
 76, 91, 85, 67,100,100, 32, 83, 94, 70, 94, 53, 73,  4,  0,  0, 9
 93, 87, 50, 73, 27, 81, 75,100,100, 80, 67, 52, 27, 27,  0,  0, 9
 39, 58,100, 79, 88,100,  6, 80,  0, 54, 89, 68, 63, 39, 31,  0, 9
 77, 94, 35,100, 53, 74, 74, 90, 99, 52,100, 10, 51,  0,  0,  6, 9
100, 94, 29,100,  0, 72, 70, 79, 88, 98, 64, 65, 50, 33, 43,  0, 9
 21, 94, 44, 73,100,100, 13,100, 16, 80, 61, 66, 23, 33,  0,  0, 9
 63, 48,100, 73, 77,100, 13, 92,  0, 65, 64, 57, 86, 31, 77,  0, 9
 97, 82, 62,100, 13, 69, 63, 59,100, 88, 96, 41, 64,  1,  0,  0, 9
100, 87, 40,100,  0, 78, 60, 65,100, 90, 94, 65, 83, 32, 79,  0, 9
 62, 76,  0, 82, 29,100, 90, 98,100, 74, 90, 49, 75, 25, 70,  0, 9
 88, 68, 31, 56,  0, 81, 47,100,100, 86, 97, 55, 75, 26, 44,  0, 9
100, 62, 47, 55,  0, 73, 21,100, 73, 91, 79, 57, 55, 25, 16,  0, 9
 96, 66, 64,100,  0, 88, 31, 54, 86, 72,100, 42, 87,  0, 19,  3, 9
 69, 98, 89, 64, 97,100, 62, 79, 99, 77,100, 29, 60,  2,  0,  0, 9
 65, 64, 86, 80, 75,100,  0, 79, 18, 54,100, 68, 78, 41, 49,  0, 9
 71, 64, 55,100,  0, 98, 19, 69, 74, 80,100, 49, 67, 10, 13,  0, 9
 54, 96, 83, 63,100,100, 29, 80, 87, 63, 96, 54, 78,  4,  0,  0, 9
 48, 99,  8, 92, 50, 73, 63,100,100, 67, 99, 23, 53,  0,  0,  3, 9
  9, 98, 29, 65, 81, 99, 10,100, 58, 75,100, 62, 87, 17,  0,  0, 9
 74, 90, 50,100, 56, 72,100, 82, 93, 54, 90, 12, 47,  0,  0,  7, 9
 69, 98, 82, 55,100,100, 44, 82, 92, 72, 91, 46, 64,  0,  0,  0, 9
 74, 98, 43,100, 69, 89, 90, 82,100, 38, 84,  3, 41,  0,  0,  8, 9
 49, 97, 56, 77, 68,100, 40, 82, 78, 55,100, 23, 52,  5,  0,  0, 9
100, 79, 64,100, 30, 86, 63, 73, 77, 63, 72, 27, 42,  0,  0,  5, 9
100,100, 61, 90, 71, 68, 95, 88, 94, 54, 79, 22, 41,  0,  0, 13, 9
100, 99, 52, 79,  0, 70, 26,100, 80,100, 81, 65, 57, 32, 35,  0, 9
 68, 74, 10, 76, 48,100, 86, 81, 97, 46,100, 12, 55,  0,  0, 18, 9
 46, 71, 84, 96,  7,100, 28, 76,100, 86, 90, 49, 69, 13,  0,  0, 9
 87, 82, 70, 64, 12, 67, 41,100,100, 90, 98, 48, 62, 12,  0,  0, 9
 76, 69, 24, 51,  0, 72, 39,100, 91, 99,100, 66, 93, 32, 87,  0, 9
 84, 76, 76,100, 19, 88, 55, 83,100, 82, 73, 53, 38, 26,  0,  0, 9
 73, 68,100,100, 48,100, 20, 71, 79, 77, 84, 46, 48, 15,  0,  0, 9
 93, 73, 57,100,  0, 81, 36, 55,100, 71, 99, 43, 91,  6, 26,  0, 9
 88, 81, 51,100, 11, 79, 60, 69,100, 69, 95, 24, 53,  0,  0,  1, 9
 34, 98, 58, 68, 75,100, 10, 96, 67, 67,100, 36, 50,  0,  0, 22, 9
 80, 89, 54,100, 40, 68, 81, 78,100, 46, 92, 10, 46,  0,  0,  6, 9
 57, 72,100, 93, 47,100,  0, 78, 52, 71, 94, 57, 69, 28, 39,  0, 9
 46, 85, 36, 68, 84, 79, 42,100, 79, 65,100, 23, 53,  0,  0,  8, 9
 41, 71, 32, 40,100, 76, 34,100, 36, 57, 89, 68, 70,  4,  0,  0, 9
100, 92, 62,100, 44, 70, 84, 79, 79, 75, 72, 33, 45,  0,  0,  0, 9
100, 92, 50, 75,  0, 77, 38,100, 90, 95, 88, 60, 54, 31, 34,  0, 9
100, 80, 60, 71, 45, 94, 88,100, 88, 70, 67, 42, 34, 18,  0,  0, 9
100, 87, 37,100,  0, 74, 90, 82, 90, 92, 67, 61, 43, 30, 49,  0, 9
100, 66, 74,100, 24, 88, 43, 63, 94, 77, 89, 36, 52,  1,  0,  0, 9
 78, 88,  4,100,  0, 73, 86, 85,100, 91, 76, 61, 58, 30, 64,  0, 9
 93,100, 59, 79, 95, 68,100, 90,100, 60, 88, 32, 52, 10,  0,  0, 9
  0,  0, 51,  9, 87, 37,100, 70, 72,100, 14, 94, 36, 65, 99, 58, 9
 91, 98, 47,100, 49, 72, 92, 96,100, 93, 73, 57, 43, 23,  0,  0, 9
 28, 92, 40, 48, 96, 67, 45,100, 37, 90,100, 62, 68, 19,  0,  0, 9
 84, 73, 83,100, 33, 81, 67, 57,100, 72,100, 31, 64,  2,  0,  0, 9
 50,100,  4, 93, 22, 66, 42, 84, 66, 49,100, 15, 56,  0,  0, 10, 9
  0,100, 12, 71, 94, 90, 31, 96, 11, 76,100, 80, 58, 41, 37,  0, 9
 98, 70, 66,100,  0, 78, 40, 51, 90, 81, 98, 48,100,  9, 28,  0, 9
 88, 86, 28, 74, 34,100, 82, 91, 95, 54,100, 16, 60,  0,  0, 12, 9
100, 85, 49, 66,  0, 69, 37, 99, 89,100, 77, 58, 40, 24, 12,  0, 9
 44, 68, 79,100, 26, 93, 59, 67,100, 71, 95, 25, 56,  0,  0, 12, 9
 52,100,  0, 98, 27, 78, 41, 82, 67, 48,100, 16, 63,  0,  3, 10, 9
100, 89, 60,100, 53, 63, 92, 81,100, 54, 92, 11, 44,  0,  0, 13, 9
 88, 64, 93,100, 41, 87, 48, 61,100, 70, 90, 31, 55,  0,  0,  4, 9
100, 71, 41, 62,  0, 83, 52,100, 98, 80, 92, 49, 67, 19, 19,  0, 9
100,100, 64, 96, 55, 68, 88, 92, 86, 66, 76, 28, 42,  1,  0,  0, 9
 46, 99,  7,100, 37, 80, 56, 97, 90, 64,100, 24, 57,  0,  0,  6, 9
 80, 80, 31, 75, 43,100, 75, 75, 89, 39,100,  4, 53,  0,  0,  3, 9
 46, 97, 90, 97, 55, 68, 66,100,100, 60, 97,  9, 40,  0,  0, 34, 9
 92,100, 54, 84, 66, 70,100, 88, 85, 64, 68, 39, 39, 18,  0,  0, 9
 68, 55, 98, 94, 35,100,  0, 65, 75, 80,100, 61, 76, 20,  6,  0, 9
100, 82, 67,100, 38, 79, 69, 66, 90, 61, 73, 30, 43,  6,  0,  0, 9
 88, 82, 44,100, 49, 68,100, 84, 93, 63, 98, 23, 57,  0,  0, 12, 9
100, 91, 41,100,  0, 74, 48, 57, 93, 81, 88, 65, 74, 32, 57,  0, 9
 45,100, 53, 65,100, 98, 22, 98, 45, 71, 85, 69, 81, 13,  0,  0, 9
100, 81, 58, 64, 29, 89, 74,100, 87, 65, 91, 29, 63,  0,  0,  9, 9
  0, 89, 21, 72, 62, 94, 11,100, 57, 73,100, 45, 74, 13,  9,  0, 9
 55, 77, 45, 66,100, 88, 49,100,  0, 78, 69, 63, 70, 32, 59,  0, 9
 79,100, 35, 86, 60, 67,100, 85, 89, 71, 70, 43, 40, 19,  0,  0, 9
 36,100, 84, 94, 51, 53, 28, 92, 81, 80,100, 29, 51,  0,  0, 31, 9
 89, 81, 49,100,  0, 84, 39, 68,100, 75, 94, 54, 84, 24, 51,  0, 9
 18, 62, 98, 74, 92,100,  0, 93, 15, 73,100, 62, 91, 31, 71,  0, 9
 61, 60, 88, 97, 10,100, 16, 66, 91, 82,100, 46, 82,  5,  0,  0, 9
 81, 87, 30, 73, 32,100, 81, 88, 91, 57,100, 26, 79,  0,  0,  9, 9
 44, 56, 99, 74,100,100, 30, 80,  0, 49, 74, 64, 62, 39, 36,  0, 9
100, 80, 55,100, 18, 75, 77, 67, 93, 71, 87, 35, 66,  2,  0,  0, 9
 84, 67, 57,100,  0, 88, 16, 52, 75, 65,100, 72, 92, 28, 97,  0, 9
 40, 99,  2,100, 35, 72, 56, 99, 86, 67,100, 28, 59,  0,  0,  7, 9
  0,  0, 41, 16, 77, 37,100, 65,100, 96, 60,100, 54, 71, 87, 48, 9
  0,  0, 34, 12, 67, 28, 89, 50,100, 77, 84,100, 58, 85, 85, 65, 9
 90, 70, 53, 63,  0, 75, 45,100,100, 88, 86, 55, 53, 25,  8,  0, 9
 45, 65, 76, 96,  2,100,  0, 72, 82, 79,100, 49, 79, 11,  3,  0, 9
  0,  0, 42, 18, 77, 43,100, 73, 84,100, 29, 92, 24, 64, 79, 53, 9
100, 77, 53, 73, 18, 92, 60,100, 84, 74, 71, 42, 41, 16,  0,  0, 9
 95, 68, 75,100, 43, 74, 84, 66,100, 52, 87, 12, 39,  0,  0, 21, 9
 64, 99, 24, 99, 62, 80, 74,100,100, 62, 92, 18, 48,  0,  0,  9, 9
 92, 70, 34, 59,  0, 75, 39,100, 89, 97, 98, 65, 93, 32,100,  0, 9
 58, 81, 49, 74, 85, 95, 38,100, 88, 73,100, 35, 67,  0,  0,  0, 9
 51, 94, 80, 59,100,100, 26, 88, 74, 67, 93, 63, 83,  9,  0,  0, 9
100, 84, 78,100, 69, 82, 87, 83, 80, 51, 77, 17, 45,  0,  0,  8, 9
 98, 76, 67,100,  0, 92, 23, 66, 90, 74,100, 53, 72, 22, 19,  0, 9
100, 83, 37, 70,  0, 84, 52,100, 94, 82, 95, 55, 91, 27, 92,  0, 9
 57, 99,  1,100, 39, 80, 64, 95, 78, 58,100, 22, 59,  0,  0,  5, 9
 30, 93, 34, 78, 75,100, 18, 95, 79, 75,100, 37, 72,  5,  0,  0, 9
 95, 76,100, 94, 47,100,  0, 81, 34, 69, 80, 53, 65, 23, 25,  0, 9
100, 89, 39, 75,  0, 78, 55,100, 93, 85, 70, 54, 35, 24, 23,  0, 9
 33,100,  0, 76, 45, 78, 67, 86, 86, 57,100, 26, 80,  0, 29,  3, 9
 45, 93, 24, 62,100, 89, 24,100, 25, 51, 97, 91, 77, 32,  0,  0, 9
 53, 60, 85, 83, 48,100,  0, 79, 46, 70,100, 57, 81, 28, 54,  0, 9
 57, 51,100, 74, 87,100, 27, 94,  0, 69, 57, 58, 75, 32, 65,  0, 9
 82, 77, 45,100,  0, 78, 47, 58,100, 81, 94, 56, 87, 22, 88,  0, 9
  4, 97, 58, 78,100, 97,  0,100, 20, 84, 99, 63, 55, 29, 10,  0, 9
 48, 51,100, 74, 72,100,  0, 85,  6, 62, 88, 60, 99, 31, 82,  0, 9
 84,100, 40, 94, 46, 68, 85, 82, 90, 48,100, 13, 54,  0,  0,  6, 9
100, 85, 64, 76, 38, 97, 84,100, 90, 72, 67, 45, 36, 22,  0,  0, 9
 64, 93,  0, 72, 81, 70, 75,100,  8, 75,100, 83, 83, 41, 44,  0, 9
  0, 62, 52, 63, 78, 98, 23,100, 32, 70, 99, 77,100, 39, 94,  0, 9
 94, 86, 55, 78,100, 78, 79,100, 90, 86, 85, 40, 58,  0,  0,  6, 9
 88, 82, 55,100,  0, 81, 38, 61,100, 76, 94, 56, 75, 26, 63,  0, 9
 63, 48,100, 75, 75,100, 20, 87,  0, 58, 57, 51, 82, 33, 62,  0, 9
 62, 60,100, 76, 99,100, 32, 93,  0, 69, 59, 53, 78, 28, 56,  0, 9
 71, 71, 90, 89, 36,100,  0, 79, 71, 72,100, 50, 79, 25, 59,  0, 9
100, 94, 52, 77,  4, 77, 47,100, 97, 88, 76, 55, 35, 28,  0,  0, 9
 87, 74, 74,100, 22, 87, 70, 68,100, 72, 88, 33, 55,  0,  0,  8, 9
  0,100,  8, 74, 95, 80, 62, 96, 16, 78,100, 64, 85, 28, 58,  0, 9
 84, 61,100,100, 55, 94, 46, 60, 92, 69, 82, 28, 45,  0,  0,  1, 9
100,100, 52, 86, 74, 68, 96, 94,100, 59, 95, 23, 54,  0,  0,  0, 9
 96, 74, 47, 54,  0, 72, 25,100, 82, 89,100, 57, 84, 25, 41,  0, 9
100, 77, 49, 65,  0, 69, 25, 98, 74,100, 84, 67, 84, 33, 90,  0, 9
 99, 82, 66,100,  0, 85, 13, 56, 84, 67,100, 68, 85, 33, 70,  0, 9
  2, 97, 14, 66, 50, 90, 14,100, 62, 75,100, 37, 75,  2,  0,  0, 9
 56, 92, 96, 81, 35, 63, 38,100, 88, 69,100, 24, 46,  0,  0, 25, 9
  0, 69, 52, 60,100, 77, 74,100, 23, 89, 47, 69, 55, 36, 51,  0, 9
 72, 85, 40,100, 61, 68,100, 90, 85, 87, 88, 54, 63, 16,  0,  0, 9
 48,100, 70, 64, 94, 98, 42, 79, 96, 79,100, 40, 68,  2,  0,  0, 9
 41, 94,  5, 74, 62, 66, 51,100, 56, 68,100, 34, 60,  2,  0,  0, 9
 81, 75, 62,100,  0, 86, 16, 59, 78, 74,100, 66, 92, 32, 69,  0, 9
 85, 78, 60,100, 28, 69, 85, 68, 97, 68,100, 30, 66,  0,  0,  9, 9
 52, 82,  3, 50,100, 72, 64,100,  0, 62, 84, 76, 86, 50, 77,  0, 9
100, 65, 80, 96, 33,100, 51, 76, 94, 68, 83, 33, 48,  8,  0,  0, 9
100, 77, 56,100,  0, 78, 45, 57, 85, 80, 95, 40, 93,  0, 24,  7, 9
 50, 50, 97, 72, 87,100, 25, 95,  0, 65, 60, 56,100, 35, 91,  0, 9
 14, 76, 57,100, 63, 55, 13, 72, 71, 86,100, 37, 52,  0,  0, 21, 9
 90, 81, 46, 57,  0, 70, 27,100, 85, 98,100, 64, 86, 30, 55,  0, 9
 70, 74,  6, 84, 57, 60,100, 96, 62,100,100, 59, 79, 15,  0,  0, 9
 81, 72, 58,100,  0, 81, 43, 57, 82, 76,100, 37, 87,  0, 17,  1, 9
 68, 76, 75,100, 33, 82, 78, 74, 75, 55,100, 23, 55,  4,  0,  0, 9
 78, 99, 77, 83, 99,100, 75, 86,100, 58,100, 28, 57,  9,  0,  0, 9
 75,100, 61, 79,100, 96, 57, 96, 65, 66, 82, 36, 51, 10,  0,  0, 9
  0,  0, 42, 11, 83, 34,100, 68, 77,100, 29, 99, 41, 69, 90, 61, 9
  0, 76, 66, 74,100,100, 28, 88,  3, 59, 76, 69, 74, 40, 59,  0, 9
 88, 76, 78,100, 26, 87, 59, 86,100, 83, 76, 48, 42, 18,  0,  0, 9
100, 96, 56, 69,  0, 63, 35, 98, 98,100, 94, 57, 59, 20, 40,  0, 9
 76, 90, 29, 69, 33,100, 76, 94, 88, 57,100, 20, 62,  0,  0,  4, 9
 97, 92, 62,100, 60, 65,100, 89, 90, 65, 85, 26, 50,  0,  0, 16, 9
100, 69, 76,100, 13, 91, 12, 65, 76, 76, 84, 43, 60,  9,  0,  0, 9
 44, 87, 25,100, 22, 68, 68, 85, 91, 59,100, 18, 53,  0,  0,  3, 9
 76,100, 23, 90, 41, 60, 92, 76,100, 79, 93, 42, 56, 13,  0,  0, 9
100, 75, 41, 68,  0, 79, 44,100, 89, 91, 91, 61, 85, 30, 86,  0, 9
 80, 70, 95,100,  7, 89,  0, 57, 82, 76,100, 56, 82, 20, 11,  0, 9
 49, 94,  1, 98, 44, 81, 59,100, 92, 64,100, 20, 55,  0,  0,  8, 9
 62, 73, 23, 69,  0, 90, 68,100,100, 78, 77, 50, 43, 24,  2,  0, 9
 85, 92, 52,100, 56, 76, 83, 85,100, 44, 88,  6, 42,  0,  0, 10, 9
100,100, 60, 85, 72, 61, 96, 91, 95, 59, 79, 24, 43,  1,  0,  0, 9
 73, 97, 35, 54,100, 84, 44,100, 75, 71, 92, 60, 62,  0,  0,  9, 9
 90, 71, 87,100,  5, 86,  0, 54, 85, 65,100, 72, 96, 34, 96,  0, 9
 77, 82, 55,100, 45, 76, 91, 81,100, 47, 90, 14, 46,  0,  0, 10, 9
  0,  0, 46, 16, 85, 41,100, 72, 73,100, 18, 95, 19, 66, 76, 55, 9
 87, 96, 62, 81, 99,100, 66, 92, 99, 61,100, 26, 55,  2,  0,  0, 9
100, 91, 69,100, 53, 63, 85, 70, 90, 63, 80, 23, 44,  0,  0,  7, 9
 45, 86, 32, 66, 93, 87, 12,100, 80, 79,100, 46, 88, 13,  0,  0, 9
  5, 73, 48, 68,100,100, 27, 88,  0, 59, 76, 71, 72, 42, 53,  0, 9
 98, 89, 44,100, 43, 65,100, 84, 95, 79, 92, 38, 70,  0,  0,  3, 9
100, 75, 82,100, 29, 91, 20, 74, 74, 74, 63, 42, 30, 15,  0,  0, 9
 86, 80, 28, 73, 34,100, 77, 82, 91, 49,100, 16, 60,  0,  0, 11, 9
 37, 94, 44, 57, 94, 99, 28,100, 53, 73,100, 64, 75,  7,  0,  0, 9
 67, 88,100, 72, 85,100, 54, 70, 94, 83, 92, 35, 59,  0,  0,  2, 9
 19, 63, 76, 69,100,100, 38, 94,  0, 64, 63, 62, 88, 41, 73,  0, 9
 42, 92, 51, 58, 85, 96, 31,100, 66, 56,100, 39, 60,  0,  0, 23, 9
100, 73, 38, 64,  0, 78, 41,100, 90, 88, 89, 58, 80, 28, 97,  0, 9
100, 92, 60,100, 57, 80, 94, 97, 81, 72, 64, 43, 34, 20,  0,  0, 9
100,100, 61, 85, 61, 60, 91, 82, 92, 54, 75, 23, 42,  1,  0,  0, 9
 71, 72, 33, 76, 24, 98, 78,100,100, 73, 78, 43, 41, 19,  0,  0, 9
100, 83, 47,100,  0, 79, 25, 51, 78, 68, 82, 71, 77, 34, 64,  0, 9
 83,100,  0, 91, 11, 65, 89, 76,100, 95, 83, 65, 62, 33, 46,  0, 9
 50, 80, 47,100,  0, 81, 53, 68,100, 72, 98, 31, 67,  0,  8,  2, 9
 88, 82, 45,100,  8, 79, 63, 77,100, 68, 93, 25, 51,  0,  0, 12, 9
 61, 91, 29,100, 47, 74, 74, 85,100, 51, 97, 12, 50,  0,  0, 11, 9
 43, 97,  0, 74, 74, 79, 57,100, 47, 85,100, 54, 88, 16, 16,  0, 9
 97, 73, 50, 79, 47,100, 97, 90,100, 64, 77, 39, 43, 17,  0,  0, 9
 69,100, 23, 78, 46, 49, 92, 71,100, 74, 94, 32, 56,  2,  0,  0, 9
 89, 81, 55,100, 44, 76, 92, 77,100, 46, 94,  4, 46,  0,  0, 13, 9
 72, 69, 82, 97,  4,100,  0, 74, 91, 78,100, 53, 60, 27, 24,  0, 9
  0, 91, 47, 70, 62,100, 43, 78, 91, 70,100, 30, 68,  0, 29, 12, 9
 84, 70, 94,100, 48, 90, 60, 66,100, 68, 78, 32, 47,  0,  0,  2, 9
 31,100, 33, 69, 91, 89,  0, 93, 84, 84, 93, 57,100, 16,  4,  0, 9
100,100, 46, 92, 34, 67, 79, 82, 87, 75, 82, 43, 49, 17,  0,  0, 9
 73, 99, 37,100, 62, 73, 89, 91, 99, 51,100, 13, 52,  0,  0,  1, 9
 91, 64, 90,100, 40, 93, 51, 71,100, 67, 91, 28, 53,  1,  0,  0, 9
 70, 77, 30, 69,  0, 81, 44,100, 79, 82, 80, 54, 80, 26,100,  0, 9
 64, 53,100, 79, 62,100,  0, 84, 29, 68, 93, 57, 87, 28, 60,  0, 9
 98, 89, 72,100, 54, 77,100, 83, 85, 69, 70, 41, 45, 15,  0,  0, 9
 32,100,  0, 70, 77, 67, 60, 95, 60, 86, 97, 52,100, 13, 19,  0, 9
 60, 90, 94, 64, 88,100, 56, 71,100, 83,100, 35, 67,  2,  0,  0, 9
 68, 73, 63,100, 15, 86, 68, 68,100, 66, 98, 25, 51,  4,  0,  0, 9
 86, 61, 28, 48,  0, 75, 36,100, 91, 89,100, 57, 81, 26, 44,  0, 9
 66, 88,100, 70, 83,100, 42, 70, 96, 71, 95, 38, 64,  0,  0,  1, 9
 86, 95, 39,100, 51, 75, 69, 85, 84, 51,100, 17, 59,  0,  0,  9, 9
 95, 59, 74,100,  6, 96,  0, 52, 64, 59,100, 70, 73, 26, 15,  0, 9
  3, 65, 37, 55,100, 81, 54,100,  0, 75, 85, 68, 69, 34, 58,  0, 9
 52, 80, 30, 66, 96, 70, 65,100, 28, 62,100, 69, 80, 20,  0,  0, 9
 37, 90, 31, 68,100, 85, 49,100,  0, 81, 75, 67, 67, 33, 34,  0, 9
100, 76, 73,100, 18, 95, 11, 66, 66, 65, 74, 48, 49, 16,  0,  0, 9
 69, 48,100, 74, 76,100, 26, 86,  0, 56, 46, 44, 81, 34, 77,  0, 9
100, 91, 71,100, 38, 83, 78, 87, 88, 70, 64, 42, 35, 18,  0,  0, 9
 37, 93,  0, 65, 80, 80, 41,100,  3, 65,100, 80, 92, 39, 47,  0, 9
 30, 92, 57, 71, 81, 97,  0,100, 25, 77,100, 69, 77, 26, 31,  0, 9
 95, 88, 59,100, 51, 67,100, 81, 98, 65, 92, 28, 59,  0,  0,  4, 9
 84, 78, 27, 54,  6, 82, 65,100, 89, 65,100, 28, 69,  0,  0, 10, 9
 47, 83, 84, 68,100, 91, 35,100, 73, 78, 93, 47, 48, 20,  0,  0, 9
 62, 80,  5, 65,  2,100, 64, 94, 90, 58,100, 19, 57,  0,  0, 24, 9
 71, 93, 87, 63, 94,100, 47, 74,100, 72, 98, 40, 67,  3,  0,  0, 9
 53,100,  7, 98, 21, 69, 56, 92, 63, 59,100, 25, 64,  0,  0,  9, 9
  0,  0, 36,  9, 69, 28, 91, 51,100, 78, 81,100, 47, 86, 64, 63, 9
 95, 71,100,100, 39,100,  0, 76, 55, 76, 93, 59, 76, 29, 55,  0, 9
 86, 62, 21, 57,  0, 80, 51,100, 98, 82,100, 54, 88, 27, 84,  0, 9
 96,100, 14, 91, 42, 75, 45, 96,  0, 67,100, 82, 54, 43, 18,  0, 9
100, 79, 64,100, 23, 81, 63, 69, 97, 74, 79, 38, 48,  7,  0,  0, 9
 97, 95, 25, 82,100, 81, 67,100,  0, 84, 83, 67, 40, 34, 13,  0, 9
100, 96, 54, 84,  0, 74, 33,100, 85, 98, 67, 62, 36, 29, 37,  0, 9
  0,  0, 33, 12, 66, 35, 90, 61,100, 89, 57,100, 25, 79, 58, 60, 9
 69,100, 52, 50,100, 65, 64, 93, 82, 70, 96, 49, 61,  0,  0,  4, 9
 73,100, 12, 90,  0, 55, 65, 61,100, 71, 99, 32, 65,  0,  3,  6, 9
100, 86, 71,100, 58, 70, 93, 86, 76, 70, 69, 27, 40,  0,  0,  1, 9
100, 90, 64,100, 45, 68, 81, 70, 85, 61, 81, 27, 52,  0,  0,  9, 9
 69, 84, 31,100, 29, 65, 76, 86, 81, 76,100, 31, 58,  4,  0,  0, 9
 45, 93,  9, 78, 72, 76, 47,100, 55, 79,100, 46, 67,  8,  0,  0, 9
  0,  0, 44, 16, 80, 41,100, 70, 86,100, 38, 95, 33, 68, 83, 59, 9
 80, 86, 46,100,  0, 78, 42, 57,100, 75, 98, 62, 88, 29, 75,  0, 9
 56, 76, 66,100,  0, 88, 23, 60, 90, 71,100, 68, 87, 31, 92,  0, 9
100, 80, 60, 62,  0, 48, 26, 79, 81,100, 90, 67, 59, 32, 30,  0, 9
 59, 78, 60,100,  7, 94,  0, 65, 53, 57,100, 42, 80, 14, 32,  0, 9
100, 74, 69,100, 16, 88, 47, 76,100, 74, 91, 37, 54,  8,  0,  0, 9
 91, 92, 27,100,  0, 71, 67, 63,100, 90, 85, 66, 81, 33, 88,  0, 9
 79, 89, 57,100, 65, 89,100, 91, 83, 62, 59, 36, 32, 13,  0,  0, 9
100, 85, 48, 67,  0, 74, 32,100, 77, 92, 80, 61, 77, 30, 75,  0, 9
 88, 76, 52,100, 33, 78, 82, 79, 93, 49,100, 12, 53,  0,  0,  0, 9
 78,100, 60, 77,100, 93, 54, 84, 66, 59, 86, 34, 70,  9,  0,  0, 9
100, 68, 56, 48,  0, 64, 14,100, 77, 98, 90, 61, 61, 25, 10,  0, 9
 72, 71, 73,100, 29, 87, 66, 73,100, 54, 92, 16, 48,  0,  0,  9, 9
100, 94, 51, 83,  0, 76, 40,100, 80, 96, 58, 61, 29, 30,  8,  0, 9
 70,100, 17, 88, 36, 66, 89, 90, 88, 78,100, 42, 68,  9,  0,  0, 9
 70,100, 27, 95, 49, 70, 93, 87, 90, 50,100,  9, 52,  0,  0,  4, 9
 76, 85, 88, 70, 27, 68,  0,100, 62, 99,100, 66, 90, 25, 40,  0, 9
 89,100, 43, 76,  0, 75, 49, 99,100, 90, 84, 56, 53, 24, 38,  0, 9
 24, 90, 76, 71, 65,100, 30, 72, 93, 72,100, 33, 61,  0,  0, 18, 9
 90, 68, 41, 64, 15, 88, 68,100,100, 78, 75, 49, 40, 23,  0,  0, 9
 87, 87, 44,100, 24, 74, 70, 67,100, 57, 89, 12, 46,  0,  0, 11, 9
100, 99, 60,100, 53, 77, 90, 94, 82, 70, 66, 43, 37, 20,  0,  0, 9
 46,100, 55, 65,100, 90, 42, 91, 75, 65, 82, 53, 63, 13,  0,  0, 9
 24, 90, 46, 70,100, 91, 45,100,  0, 77, 66, 73, 69, 38, 45,  0, 9
  0,  0, 31, 14, 68, 33, 94, 57,100, 83, 63,100, 36, 80, 82, 74, 9
100, 78, 45, 64,  0, 72, 22,100, 54, 90, 63, 59, 61, 29, 64,  0, 9
 69, 65, 10, 59,  0, 88, 54,100,100, 80, 94, 49, 61, 22, 14,  0, 9
 44, 96, 36, 64, 84, 91, 26,100, 72, 58,100, 49, 67,  0,  0, 18, 9
 74, 81, 46,100,  0, 74, 66, 64, 97, 71,100, 34, 76,  0,  6,  8, 9
 43, 92, 62, 70, 64,100,  3, 91, 68, 75,100, 34, 67,  0,  0,  8, 9
  7, 72, 77, 75, 76,100,  0, 81, 18, 61,100, 74, 69, 40, 50,  0, 9
100, 72, 43, 78,  0, 91, 50,100, 54, 75, 40, 50, 30, 25, 29,  0, 9
 86, 88, 51,100, 44, 74, 87, 95,100, 89, 70, 51, 38, 14,  0,  0, 9
100, 67, 75,100,  0, 95, 17, 64, 92, 72,100, 69, 92, 33, 56,  0, 9
 84, 88, 42,100, 47, 69,100, 82,100, 58, 95, 22, 54,  0,  0, 13, 9
 84, 85, 37,100,  0, 72, 58, 65,100, 93, 82, 66, 65, 33, 61,  0, 9
 93, 97, 65,100, 65, 67, 95, 98,100, 62, 82, 21, 41,  0,  0, 15, 9
 28, 71, 68,100, 61, 63, 29, 91, 82, 81,100, 34, 57,  0,  0, 17, 9
 95,100, 16, 90,  0, 62, 84, 68,100, 90, 80, 59, 56, 29, 58,  0, 9
 53, 80, 78,100, 14, 80, 55, 65, 92, 64,100, 24, 50,  0,  0, 20, 9
100, 86, 70,100, 45, 64, 83, 64, 98, 70, 96, 30, 62,  1,  0,  0, 9
 96,100, 55, 79, 68, 64,100, 89, 99, 57, 84, 25, 46,  1,  0,  0, 9
100,100, 62, 92, 58, 59, 84, 89, 93, 70, 79, 30, 46,  0,  0,  3, 9
 74, 76, 31, 60,  0, 76, 37,100, 85, 94,100, 60, 86, 27, 54,  0, 9
 86, 89, 48,100, 27, 61, 77, 63,100, 85, 87, 43, 61,  5,  0,  0, 9
 81, 99, 44,100, 43, 78, 93, 94,100, 62, 98, 24, 58,  0,  0,  5, 9
 89, 81, 66,100, 51, 69, 97, 88, 96, 60,100, 14, 51,  0,  0, 12, 9
 61, 79,100,100, 50, 99,  0, 72, 54, 75, 93, 83, 60, 42, 33,  0, 9
 79, 79, 66,100,  0, 91, 23, 64, 91, 73,100, 62, 84, 29, 85,  0, 9
 68, 87, 73, 77, 84,100, 51, 84, 98, 58,100, 16, 46,  0,  0,  6, 9
 77, 83, 42,100, 13, 69, 62, 57,100, 74, 91, 27, 53,  0,  0,  9, 9
100,100, 49, 88, 41, 60, 83, 77, 81, 67, 82, 33, 55,  4,  0,  0, 9
100, 82, 60, 78, 31, 99, 82,100,100, 73, 77, 44, 41, 20,  0,  0, 9
 86,100, 33, 81, 66, 67,100, 91, 99, 65, 95, 33, 62,  6,  0,  0, 9
 74, 47,100, 72, 82,100, 30, 94,  0, 69, 41, 51, 83, 32, 83,  0, 9
 63, 67, 13, 77, 39,100, 96, 93,100, 67, 75, 43, 40, 20,  0,  0, 9
 53, 90, 90, 71, 87,100, 40, 75,100, 80, 95, 39, 67,  0,  0,  0, 9
 39, 91, 81,100, 70, 59, 25, 81, 82, 85,100, 37, 57,  0,  0, 24, 9
  0,  0, 35,  8, 69, 31, 93, 62,100,100, 69,100, 57, 64, 64, 26, 9
 95,100, 57, 92, 83, 76,100, 88, 88, 64, 68, 39, 39, 18,  0,  0, 9
 60, 63,100, 84, 55,100,  0, 78, 40, 68, 98, 60, 73, 28, 32,  0, 9
 96, 84, 49, 76, 12, 91, 74,100,100, 75, 78, 47, 45, 21,  0,  0, 9
 46, 66,100, 82, 59,100,  0, 80, 41, 64, 94, 56, 62, 27, 24,  0, 9
 85, 82, 16, 71, 21,100, 78,100, 88, 64,100, 28, 70,  0,  0, 13, 9
 72, 63, 21, 54,  0, 80, 46,100, 95, 84,100, 50, 78, 18, 34,  0, 9
 34, 55,100, 75, 86,100,  0, 90,  2, 68, 86, 56, 75, 27, 27,  0, 9
 26, 90, 75, 74, 70,100,  0, 85, 83, 80,100, 52, 61, 20,  9,  0, 9
 50, 51,100, 74, 70,100,  0, 93,  4, 69, 78, 60, 90, 32, 76,  0, 9
 76, 98, 35,100, 58, 73, 83, 91,100, 47, 97,  4, 47,  0,  0, 14, 9
 78,100,  0, 92, 22, 75,100, 89, 90, 80, 62, 53, 38, 27, 32,  0, 9
 57, 63,100, 91, 48,100,  0, 73, 55, 65, 96, 60, 60, 28, 13,  0, 9
100, 88, 52, 70,  0, 62, 25, 94, 76,100, 76, 63, 50, 28, 31,  0, 9
100, 63, 46, 61,  0, 71, 23,100, 66, 99, 73, 65, 72, 32, 80,  0, 9
 87, 68, 34, 60,  0, 89, 59,100, 78, 64,100, 28, 82,  0,  3,  8, 9
 84, 93, 26,100,  0, 71, 64, 64,100, 90, 89, 64, 79, 31, 78,  0, 9
 99, 81, 53,100,  0, 83, 50, 67,100, 78, 99, 34, 69,  0,  8,  2, 9
 53, 57,100, 80, 67,100,  0, 87, 15, 66, 84, 58, 77, 29, 49,  0, 9
 66, 86, 30,100, 45, 78, 70, 88, 97, 50,100,  8, 50,  0,  0, 16, 9
 22, 79, 78, 63,100,100, 20, 96, 74, 76,100, 49, 87,  6,  0,  0, 9
100, 79, 84,100, 45, 87, 95, 95, 99, 72, 67, 40, 33, 10,  0,  0, 9
 56, 91, 35, 57,100, 97, 23,100, 50, 58, 99, 88, 75, 32,  0,  0, 9
 84, 54, 26, 47,  0, 75, 40,100, 93, 90,100, 55, 70, 24, 25,  0, 9
 82, 95, 26, 90, 90, 75, 52,100, 27, 81,100, 63, 67, 25,  0,  0, 9
 70,100, 49, 72,100, 71, 64, 97, 69, 69, 86, 32, 54,  2,  0,  0, 9
 45, 59, 99, 66,100,100,  7, 94,  0, 64, 96, 66, 78, 37, 54,  0, 9
100, 85, 73, 84,  3, 63,  8, 91, 82,100, 79, 65, 36, 32,  0,  0, 9
 96, 65, 63,100,  0, 80, 35, 48, 87, 74,100, 39, 75,  0,  0,  2, 9
 91, 95, 43,100, 25, 65, 72, 59,100, 64, 92, 23, 52,  0,  0,  8, 9
100,100, 59, 94, 55, 69, 87, 93, 91, 63, 76, 25, 43,  1,  0,  0, 9
 50, 85,  3,100,  4, 78, 63, 68,100, 61, 80, 19, 32,  0,  0,  7, 9
100, 89, 71,100, 48, 79, 84, 96, 85, 70, 62, 39, 33, 11,  0,  0, 9
100, 94, 60,100, 47, 61, 94, 67, 95, 52, 99,  8, 50,  0,  0,  2, 9
 87, 75, 53,100,  0, 81, 40, 61, 81, 78,100, 41, 77,  5, 16,  0, 9
 57,100,  0, 83, 48, 72,100, 93, 89, 74, 67, 47, 48, 21, 56,  0, 9
 41, 69, 78, 60,100,100, 37, 97, 57, 69, 89, 54, 66,  7,  0,  0, 9
 83, 71, 75,100, 31, 85, 72, 74,100, 62, 86, 26, 51,  0,  0,  5, 9
 82, 62, 85,100, 28, 91, 48, 54, 99, 74,100, 35, 66,  0,  0,  2, 9
 14, 87, 44, 65, 71,100,  0, 87, 44, 69, 94, 72,100, 23, 36,  0, 9
 69, 72,100,100, 35, 91,  0, 57, 59, 60,100, 61, 71, 25, 18,  0, 9
100, 83, 29, 71,  0, 85, 63,100,100, 79, 96, 52, 92, 26,100,  0, 9
100, 89, 58,100, 29, 72, 70, 75, 79, 49, 87,  8, 43,  0,  0,  8, 9
 44, 83, 58, 67, 66,100, 35, 78, 93, 79,100, 33, 59,  0,  0, 28, 9
 45,100,  4, 91, 40, 77, 51, 76, 72, 49,100, 22, 69,  0,  0,  3, 9
 84, 76, 80,100,  5, 88,  0, 60, 76, 63,100, 62, 83, 30, 79,  0, 9
 43, 89, 79, 64, 79,100, 32, 77, 88, 78,100, 36, 69,  0,  0,  3, 9
 12, 74, 66, 73,100,100, 39, 96,  0, 68, 62, 70, 49, 40, 27,  0, 9
 56,100, 66, 64,100, 92, 42, 95, 65, 61, 74, 52, 62,  3,  0,  0, 9
 57, 60, 61, 61,100,100, 37, 99, 62, 78, 93, 52, 67,  2,  0,  0, 9
 51, 82, 27, 57, 99, 75, 55,100, 47, 64,100, 52, 77,  4,  0,  0, 9
 44, 97, 13,100, 56, 87, 61, 95, 92, 58,100, 14, 53,  0,  0,  4, 9
 80, 80, 18, 66,  0, 84, 51,100, 78, 77, 78, 50, 78, 24,100,  0, 9
 59, 55,100, 80, 66,100,  9, 89,  0, 63, 58, 55, 82, 33, 62,  0, 9
 93, 71,  0, 76, 15, 92, 95,100,100, 75, 93, 50, 88, 25, 83,  0, 9
 44, 82, 42, 51,100, 77, 47,100,  0, 81, 74, 69, 54, 35, 36,  0, 9
100, 90, 75,100, 64, 79, 94, 96, 81, 66, 64, 37, 35, 15,  0,  0, 9
 49, 94, 76, 73, 82,100, 30, 77,100, 81,100, 42, 75,  2,  0,  0, 9
 66, 92, 29,100, 50, 72, 67, 94, 97, 58,100, 18, 53,  0,  0,  9, 9
  0,  0, 39,  9, 74, 28, 95, 52,100, 79, 73,100, 42, 85, 77, 67, 9
 59, 60, 99, 88, 38,100,  0, 73, 80, 74,100, 58, 52, 29,  6,  0, 9
 98, 85, 30,100,  0, 68, 77, 64, 84, 78,100, 39, 94,  0, 15,  1, 9
 60, 86, 55, 71,  0, 71, 42, 97,100,100, 96, 64, 62, 31, 38,  0, 9
 81, 79, 38, 57, 13, 88, 61,100, 84, 65,100, 28, 75,  0,  0,  5, 9
 92, 88, 69,100, 60, 61,100, 82, 97, 73, 70, 34, 38,  0,  0,  0, 9
 92, 76, 28, 67,  3,100, 58, 98, 77, 61,100, 24, 80,  0,  0,  8, 9
 87, 75, 29, 75,  0, 89, 55,100,100, 84, 90, 54, 63, 26, 31,  0, 9
100, 78, 52, 52,  0, 64, 19, 98, 77,100, 92, 64, 80, 28, 44,  0, 9
 79, 84, 17, 62,100, 80, 67,100,  0, 75, 88, 79, 70, 38, 36,  0, 9
  0, 74, 82, 79,100,100, 19, 92,  7, 73, 88, 77, 54, 39, 18,  0, 9
  0,  0, 39, 10, 76, 29, 99, 55,100, 84, 64,100, 34, 81, 77, 68, 9
 78, 70,100,100, 53, 91, 59, 75, 92, 86, 63, 57, 32, 28,  0,  0, 9
 56, 97, 20,100, 49, 79, 64, 97, 95, 61,100, 18, 53,  0,  0, 10, 9
 53, 67, 40, 56,100, 71, 61,100, 42, 50, 89, 74, 68, 19,  0,  0, 9
  0,100, 13, 72, 87, 78, 58, 97, 49, 80,100, 58, 70, 29, 47,  0, 9
 74,100, 72, 59, 16, 57, 45, 95, 96, 84,100, 36, 61,  0,  0,  3, 9
 69, 98, 22, 93, 46, 71, 57,100, 85, 65,100, 22, 56,  0,  0,  5, 9
 63, 88, 34,100,  4, 70, 64, 66, 99, 68,100, 29, 63,  0,  0,  7, 9
 11, 77, 84, 63, 79,100,  0, 83, 56, 67,100, 56, 87,  7,  1,  0, 9
 62, 57,100, 81, 75,100, 23, 85,  0, 58, 55, 50, 90, 32, 84,  0, 9
 60, 62, 92, 72,100,100, 30, 82,  0, 54, 73, 68, 73, 40, 51,  0, 9
 93, 67, 83,100, 35, 88, 71, 85,100, 93, 72, 59, 39, 28,  0,  0, 9
 49,100,  8, 93,  0, 60, 45, 82, 61, 57,100, 28, 73,  0,  8,  2, 9
 91, 79, 44, 68,  0, 74, 24,100, 69, 91, 83, 61, 89, 30,100,  0, 9
 99, 81, 62,100, 27, 81, 68, 59,100, 63, 91, 21, 50,  0,  0,  7, 9
 70, 67,100, 86, 55,100,  0, 82, 26, 62, 92, 58, 80, 29, 75,  0, 9
 17, 83, 62, 73,100, 99, 14,100, 47, 79, 98, 56, 56, 26,  0,  0, 9
 18, 73,100, 80, 95,100, 10, 80,  0, 54, 92, 68, 92, 40, 58,  0, 9
100, 85, 67,100, 56, 66, 96, 79, 90, 65, 86, 28, 54,  0,  0, 11, 9
100, 82, 75,100, 54, 76, 82, 86, 69, 55, 60, 23, 35,  0,  0,  4, 9
  0, 79, 28, 58, 99, 80, 48,100, 12, 79,100, 68, 87, 34, 84,  0, 9
 32, 84, 52, 43, 94, 72, 36,100, 33, 80,100, 56, 74, 15,  0,  0, 9
 96, 73, 44, 55,  0, 74, 32,100, 88, 91,100, 58, 83, 24, 42,  0, 9
 69, 45,100, 75, 66,100,  9, 82,  0, 48, 65, 53, 98, 38, 87,  0, 9
 94, 75, 55,100,  0, 78, 17, 45, 76, 62,100, 78, 92, 36, 84,  0, 9
 88, 81, 43,100, 31, 74, 86, 69,100, 57, 86, 17, 38,  0,  0,  7, 9
 92, 77, 88,100, 46, 83, 79, 69,100, 54, 97, 18, 53,  0,  0,  6, 9
100, 90, 40,100,  0, 73, 75, 76, 94, 95, 87, 63, 75, 31, 77,  0, 9
 52, 86, 27,100,  0, 73, 56, 73,100, 85, 87, 48, 58, 14,  5,  0, 9
100, 96, 65, 98, 61, 80, 99,100, 81, 66, 60, 32, 34,  0,  0,  0, 9
 74, 78, 51,100,  0, 80, 44, 62,100, 84, 98, 62, 92, 28, 92,  0, 9
 46, 48,100, 74, 87,100, 10, 86, 30, 68, 90, 58, 43, 29,  0,  0, 9
100, 84, 63,100, 39, 67, 86, 70, 93, 71, 85, 33, 58,  0,  0,  2, 9
 42, 97,  0, 75, 84, 73, 51,100, 13, 86,100, 73, 71, 34, 18,  0, 9
 69,100, 86, 68, 98, 98, 32, 81,100, 77, 98, 51, 82,  6,  0,  0, 9
 89, 74, 70,100,  0, 98, 10, 72, 80, 77,100, 68, 85, 33, 55,  0, 9
 20, 78, 75, 75,100,100,  0, 93, 35, 77, 97, 64, 82, 32, 65,  0, 9
 88,100, 42, 84, 69, 66,100, 92, 92, 62, 83, 26, 49,  0,  0,  1, 9
 29,100, 49, 61, 97, 83, 41, 95, 73, 51,100, 39, 60,  0,  0, 18, 9
100, 71, 44, 70, 53,100, 85, 86, 86, 51, 90, 16, 50,  0,  0, 19, 9
100, 81, 40,100,  0, 66, 68, 63, 95, 91, 99, 49, 85,  8,  5,  0, 9
100, 80, 48, 72,  0, 81, 34,100, 66, 83, 63, 55, 54, 27, 54,  0, 9
 56, 91, 24,100, 47, 77, 83, 87,100, 48, 99,  8, 51,  0,  0, 14, 9
100,100, 57, 92, 57, 58, 94, 84, 96, 73, 86, 30, 48,  0,  0,  6, 9
 27, 76, 74, 75,100,100, 30, 97,  0, 75, 56, 55, 81, 28, 68,  0, 9
 94, 72, 56, 72, 39, 95, 88,100,100, 73, 71, 46, 37, 22,  0,  0, 9
 69,100, 26, 88, 70, 76, 72, 81, 88, 49,100, 17, 56,  0,  0,  4, 9
  0,  0, 45, 14, 85, 34,100, 60, 88, 88, 43,100, 37, 76, 88, 65, 9
 99, 80, 77,100, 28, 81, 60, 62,100, 70, 84, 33, 55,  0,  0,  4, 9
 88,100, 37, 88, 45, 60, 97, 79,100, 78, 89, 40, 56,  8,  0,  0, 9
 79, 70, 18, 71, 38,100, 72, 80, 85, 48,100, 16, 57,  0,  0, 15, 9
 55, 65,100, 86, 57,100,  0, 83, 40, 68, 91, 54, 62, 26, 29,  0, 9
 68, 66,100, 93, 48,100,  0, 78, 47, 68, 90, 56, 67, 26, 29,  0, 9
  0, 88, 39, 74, 88, 97, 13,100, 34, 89,100, 74, 81, 35, 51,  0, 9
 87, 86, 45,100, 26, 71, 71, 60,100, 57, 90, 17, 49,  0,  0,  5, 9
 47,100,  3, 99, 14, 80, 43, 82, 72, 50,100, 17, 58,  0,  0, 12, 9
 88, 87,  0, 82,  3, 95, 97,100,100, 75, 91, 50, 91, 25,100,  0, 9
 53, 89, 59, 68, 77,100, 38, 89,100, 74, 93, 42, 57,  0,  0, 20, 9
 50, 91, 56, 72,100,100, 46,100, 82, 81, 94, 43, 64,  4,  0,  0, 9
 57, 61, 94, 86, 52,100,  0, 81, 43, 68,100, 56, 87, 26, 54,  0, 9
100, 72, 75,100, 43, 80, 82, 78, 92, 53, 88, 17, 47,  0,  0,  7, 9
  0, 88, 61, 68,100, 90, 14,100, 24, 79, 80, 54, 46, 25,  3,  0, 9
100, 76, 41, 59, 25, 82, 80,100, 89, 64, 90, 27, 59,  0,  0, 16, 9
 68, 66,100, 98, 57,100, 27, 68, 73, 72, 78, 37, 45,  5,  0,  0, 9
 40,100, 70, 60, 90,100, 31, 94, 84, 63,100, 31, 52,  0,  0, 28, 9
 67, 93, 40,100, 68, 76, 76, 92,100, 55, 94, 13, 49,  0,  0,  6, 9
 99,100, 51, 99, 56, 77,100, 90, 96, 67, 78, 38, 45, 14,  0,  0, 9
 53, 93,  0, 88, 58, 59, 49,100, 44, 70,100, 41, 58,  0,  0, 16, 9
 60, 47,100, 69, 95,100, 38, 98,  0, 73, 33, 49, 82, 32, 68,  0, 9
 64, 81,  7, 82, 54, 74,100,100,  4, 87, 82, 61, 55, 29,  0,  0, 9
  0, 81, 53, 71,100,100, 47,100, 14, 69, 77, 76, 78, 42, 61,  0, 9
 90,100,  0, 96,  8, 65, 83, 83,100, 96, 85, 64, 75, 32, 81,  0, 9
 39, 96, 24, 66,100, 94, 19,100, 30, 76, 95, 69, 70, 28,  0,  0, 9
 14, 84,  0, 53, 79, 83,  9,100,  8, 66,100, 80, 67, 38, 14,  0, 9
  4, 75, 55, 68,100, 95, 46,100,  0, 72, 51, 64, 62, 43, 35,  0, 9
 89, 75, 77,100,  0, 83, 38, 56,100, 81, 91, 50, 74, 12,  2,  0, 9
 88,100, 26, 93, 38, 69,100, 88, 93, 83, 91, 51, 57, 22,  0,  0, 9
 39, 61, 95, 79, 65,100,  0, 90, 13, 67, 80, 57,100, 30, 85,  0, 9
 86, 85, 47, 64,  0, 76, 34,100, 78, 88, 81, 58, 81, 28,100,  0, 9
 77,100, 40, 80, 75, 71,100, 94, 89, 66, 81, 38, 47, 15,  0,  0, 9
 55, 50,100, 74, 76,100,  7, 90,  0, 64, 72, 55, 97, 32, 83,  0, 9
 32, 84, 79, 64, 85,100, 35, 78, 74, 68,100, 37, 82,  0,  0,  0, 9
 38, 86, 70, 69, 94,100, 36, 84, 90, 79,100, 43, 68,  6,  0,  0, 9
 79, 93, 20,100, 30, 81, 92, 80,100, 52, 94, 16, 43,  0,  0, 19, 9
  4, 98,  6, 73, 96,100, 16, 97,  0, 72,100, 89, 51, 43, 13,  0, 9
 48, 88, 91, 69, 76,100, 16, 75, 93, 75,100, 56, 84, 11,  0,  0, 9
 48, 84, 55, 58, 85, 83, 34,100, 67, 65,100, 28, 59,  0,  0,  0, 9
 69, 67,100,100, 42, 94, 31, 57, 86, 69, 90, 43, 58,  7,  0,  0, 9
 67, 89, 25,100, 33, 75, 51, 94, 85, 64,100, 23, 56,  0,  0, 10, 9
 46, 90, 41, 60, 99, 87, 54,100, 89, 98,100, 58, 67, 20,  0,  0, 9
100, 87, 52,100, 13, 75, 65, 62, 96, 76, 84, 41, 60,  7,  0,  0, 9
 56, 68,100, 95, 46,100,  0, 74, 48, 70, 99, 62, 74, 30, 40,  0, 9
 39, 86, 78, 61,100,100, 33, 85, 83, 74, 83, 54, 75,  6,  0,  0, 9
100, 93, 34,100,  0, 73, 64, 71, 87, 94, 74, 62, 64, 31, 62,  0, 9
 76, 76, 47,100,  0, 84, 48, 66, 83, 68,100, 33, 87,  0, 26,  0, 9
 61, 83,  4, 66, 29,100, 80, 85,100, 46,100,  6, 43,  0,  0, 29, 9
 81,100, 39, 94, 69, 77, 63, 73, 86, 41,100,  9, 52,  0,  0,  2, 9
 29, 79, 80, 70, 75,100, 16, 79, 91, 78,100, 46, 81, 10,  0,  0, 9
 13,100, 18, 72,100, 85, 18, 95, 12, 75, 98, 67, 64, 30,  0,  0, 9
  0,  0, 38, 14, 71, 32, 93, 55,100, 81, 76,100, 48, 82, 73, 62, 9
100, 65, 72,100,  0, 85, 20, 52, 79, 78, 99, 48, 83,  5, 14,  0, 9
  0,  0, 32, 13, 77, 36,100, 65, 92, 94, 32,100,  7, 75, 66, 63, 9
 91, 70, 83,100, 15, 98, 40, 70,100, 72,100, 37, 70,  7,  0,  0, 9
100, 97, 54,100, 40, 72, 87, 88, 94, 80, 61, 40, 26,  0,  0,  9, 9
100, 99, 45,100, 22, 65, 69, 74, 88, 88, 86, 44, 58,  6,  0,  0, 9
 75, 67, 92,100, 40, 95, 68, 70,100, 70, 94, 29, 56,  0,  0,  0, 9
 12, 93, 48, 62, 95, 96, 21,100, 46, 70,100, 64, 77,  7,  0,  0, 9
 81, 91, 57,100, 66, 81,100, 94, 99, 67, 88, 40, 50, 18,  0,  0, 9
 89,100, 43, 90, 64, 73, 67, 77, 82, 44,100, 12, 54,  0,  0,  4, 9
100, 80, 67,100, 42, 73, 80, 70, 89, 64, 79, 25, 45,  1,  0,  0, 9
 62, 56,100, 83, 52,100,  0, 77, 66, 78, 93, 57, 65, 28, 33,  0, 9
 75, 77, 65,100,  0, 83, 30, 62, 99, 78,100, 47, 74, 17, 10,  0, 9
 60, 78,100,100, 38,100,  0, 76, 70, 79, 96, 56, 75, 27, 44,  0, 9
 75,100,  4, 88,  0, 61, 74, 70,100, 88, 82, 58, 56, 28, 51,  0, 9
 92, 90, 56,100, 33, 66, 78, 66,100, 69,100, 31, 65,  0,  0,  2, 9
 66, 59,100, 85, 54,100,  0, 84, 24, 61, 88, 54, 93, 30, 80,  0, 9
 88, 79, 80,100, 15, 88, 59, 85,100, 75, 76, 46, 38, 19,  0,  0, 9
 76,100, 29, 95, 51, 70,100, 85,100, 59, 96, 15, 50,  0,  0, 15, 9
 76, 73, 80,100, 53, 84,100, 87, 92, 55, 77, 22, 43,  0,  0, 16, 9
 65, 99, 27,100, 45, 68, 74, 96, 91, 75,100, 26, 59,  0,  0,  5, 9
100,100, 56, 93, 40, 65, 85, 78, 94, 70, 86, 32, 51,  5,  0,  0, 9
 99, 81, 52, 58,  0, 50, 30, 82, 80,100,100, 70, 73, 34, 45,  0, 9
 78, 71, 36, 71, 20, 95, 75,100,100, 74, 78, 46, 40, 21,  0,  0, 9
100, 74, 51, 62,  0, 73, 25,100, 76, 96, 78, 63, 68, 31, 59,  0, 9
 19, 76, 67, 68, 86,100,  7, 83, 61, 61,100, 57, 81, 16,  0,  0, 9
 77,100, 37, 88, 61, 68,100, 85, 84, 69, 72, 41, 39, 18,  0,  0, 9
 45,100,  0, 93, 33, 74, 53, 80, 70, 45,100, 15, 63,  0, 10,  2, 9
 81, 67, 72,100,  0, 83, 31, 50,100, 66, 94, 51, 83, 11,  4,  0, 9
 40,100, 15, 68, 85, 73, 24, 89, 77, 59,100, 32, 52,  0,  0, 29, 9
100, 77, 49, 66,  0, 69, 30, 97, 80,100, 90, 65, 64, 31, 38,  0, 9
  0, 60, 39, 49,100, 78, 57,100, 10, 68, 88, 58, 80, 20, 11,  0, 9
 65, 94, 23,100, 25, 67, 74, 75, 74, 50,100, 15, 58,  0,  0, 14, 9
 42, 97,  6, 74,100, 80, 40,100,  0, 84, 82, 66, 57, 32, 12,  0, 9
 37, 69,100, 83, 61,100,  0, 91, 64, 78, 62, 55, 26, 28,  2,  0, 9
 39, 85, 18,100, 20, 67, 67, 76, 83, 71,100, 29, 61,  0,  0, 13, 9
 82, 70, 31, 56,  0, 81, 51,100,100, 84, 87, 51, 54, 21, 12,  0, 9
 83, 73, 74,100,  4, 82,  0, 59, 74, 73,100, 54, 65, 21,  2,  0, 9
100, 82, 65,100, 38, 78, 73, 63, 85, 54, 82, 18, 44,  0,  0,  3, 9
 66, 76, 78, 49,100, 88, 50,100, 70, 66, 86, 45, 60,  0,  0,  6, 9
 38, 94,  0, 77, 73, 53,100,100, 24, 92, 70, 70, 94, 60, 82,  0, 9
  0, 98, 22, 65,100, 89, 17,100, 18, 74, 85, 70, 58, 30,  1,  0, 9
 22, 99, 32, 74,100, 93, 15,100, 42, 83,100, 69, 55, 33,  0,  0, 9
 84, 91, 42,100, 36, 70, 83, 87, 94, 51,100,  6, 50,  0,  0,  6, 9
 54, 93,100, 90, 38, 70, 63,100,100, 63, 96, 21, 35,  0,  0, 34, 9
 80,100, 24, 98, 28, 70, 92, 91, 94, 86,100, 50, 70, 18,  0,  0, 9
 42, 76, 74, 43,100, 76, 42,100, 66, 72,100, 38, 71,  1,  0,  0, 9
 89, 71, 35, 68, 20, 90, 80,100,100, 73, 82, 45, 48, 20,  0,  0, 9
100, 78, 70,100, 38, 76, 83, 75, 86, 59, 83, 27, 58,  0,  0, 11, 9
 16, 93, 35, 70,100, 86, 26,100, 46, 86, 86, 72, 52, 32,  0,  0, 9
 56, 84,  0, 66, 75, 70, 86,100, 14, 84,100, 73, 65, 37, 45,  0, 9
  0, 97, 28, 78,100, 95, 16,100,  1, 81, 80, 64, 53, 25, 11,  0, 9
100, 91, 63,100, 42, 58, 83, 69, 97, 94, 70, 45, 37,  0,  0,  1, 9
100, 90, 60,100, 18, 84, 70, 88, 89, 71, 66, 44, 37, 18,  0,  0, 9
 71,100, 22, 89, 48, 69, 51, 80, 75, 47,100, 16, 57,  0,  0,  7, 9
100, 85, 58,100, 10, 97, 28, 76, 77, 73, 54, 53, 21, 28,  0,  0, 9
 98, 86, 69,100, 34, 75, 76, 68, 90, 50,100, 16, 53,  2,  0,  0, 9
100,100, 38, 98, 49, 62, 97, 86, 98, 77, 97, 36, 70,  2,  0,  0, 9
100,100, 56, 88, 64, 67, 91, 96, 93, 60, 79, 24, 43,  0,  0, 11, 9
 45, 77, 89, 66, 96,100, 46, 88, 90, 72,100, 35, 62,  3,  0,  0, 9
 86, 86, 44, 64,  0, 69, 39, 95, 95,100,100, 65, 73, 31, 57,  0, 9
 33,100,  0, 71, 86, 75, 38, 96, 38, 73,100, 71, 62, 32,  6,  0, 9
 72, 70,100,100, 25, 94,  0, 63, 72, 74, 92, 57, 66, 23,  9,  0, 9
100, 91, 58,100, 32, 75, 77, 87, 77, 76, 52, 43, 28, 10,  0,  0, 9
 80,100, 35, 97, 45, 76, 98, 80,100, 53, 95, 19, 53,  0,  0,  5, 9
 83, 61, 96, 97, 50,100, 54, 66,100, 62, 92, 21, 49,  0,  0,  3, 9
 84,100, 44, 91, 59, 76,100, 87, 89, 62, 70, 37, 38, 17,  0,  0, 9
100, 93, 51,100, 21, 60, 75, 61, 94, 95, 91, 46, 56,  6,  0,  0, 9
100, 89, 41,100,  0, 77, 59, 71, 84, 87, 57, 57, 30, 29,  7,  0, 9
 92, 72, 36, 59,  1, 82, 54,100,100, 82, 80, 48, 40, 19,  0,  0, 9
100, 88, 54, 76, 12, 80, 46,100, 79, 84, 53, 54, 20, 28,  0,  0, 9
100, 69, 70,100,  0, 95, 20, 71, 87, 84, 87, 48, 71,  8, 11,  0, 9
 99, 69, 86,100, 32, 91, 62, 70,100, 66, 98, 27, 57,  0,  0,  1, 9
  0, 95, 25, 72,100, 84, 30,100, 23, 81,100, 66, 78, 30, 33,  0, 9
100, 63, 39, 53,  0, 66, 36, 93, 82,100, 89, 67, 88, 33, 91,  0, 9
  0,  0, 36, 14, 65, 34, 89, 57,100, 83, 73,100, 37, 89, 68, 73, 9
 93, 96, 72,100, 70, 76,100, 99, 92, 71, 80, 42, 47, 17,  0,  0, 9
 70, 90, 27, 73,  1,100, 57, 90, 84, 57,100, 21, 66,  0,  0,  8, 9
100, 76, 55,100,  6, 70, 70, 68, 80, 82, 93, 38, 71,  0,  0, 12, 9
100, 79, 52,100,  0, 78, 25, 50, 83, 68, 99, 77, 83, 38, 62,  0, 9
 98, 64, 52, 70, 12, 89, 68,100,100, 76, 86, 45, 48, 20,  0,  0, 9
 88, 63, 87,100,  7, 94,  0, 59, 73, 76,100, 77, 85, 39, 80,  0, 9
100, 92, 55,100, 33, 70, 77, 69, 78, 66, 83, 21, 46,  0,  0,  9, 9
 85, 76, 67, 68, 16, 78, 59,100,100, 85, 79, 53, 41, 26,  0,  0, 9
100, 89, 49, 73,  0, 65, 41, 93, 94,100, 78, 64, 45, 33, 23,  0, 9
 71, 64,100, 79, 63,100,  0, 85, 29, 61,100, 66, 94, 33, 95,  0, 9
 39, 96, 57, 59,100, 94, 34,100, 61, 66, 78, 66, 71, 15,  0,  0, 9
 81, 73, 73,100,  0, 85, 27, 60,100, 76, 99, 64, 94, 31, 86,  0, 9
 90, 76, 42, 69, 40,100, 81, 90, 93, 54,100, 16, 55,  0,  0, 10, 9
 90, 79, 30, 61,  4, 89, 55,100, 80, 63,100, 26, 74,  0,  0,  8, 9
 41,100, 58, 66,100, 98, 34, 92, 68, 70, 75, 52, 69,  1,  0,  0, 9
 85, 64, 85,100, 39, 81, 71, 56, 98, 71,100, 30, 64,  0,  0,  2, 9
