100,100, 79, 80, 54, 59, 32, 38, 21, 16, 50,  0, 79, 16,  0, 16, 6
100,100, 73, 95, 40, 69, 14, 39,  2,  2, 39,  0, 37, 29,  0, 14, 6
 88,100, 42, 77, 12, 50,  0, 22, 45,  0,100, 17, 73, 44, 15, 49, 6
100,100, 49, 77, 17, 51,  2, 24, 24,  0,100, 10, 73, 35,  0, 42, 6
 76,100, 31, 87,  1, 52,  0, 14, 61,  0,100, 27, 50, 42,  1, 21, 6
 75,100, 42, 78, 13, 51,  0, 22, 40,  0,100, 16, 88, 43, 22, 35, 6
100,100, 55, 82, 23, 54,  0, 23, 33,  0, 87, 15, 66, 44, 11, 40, 6
100, 65, 92,100, 39, 93,  9, 62,  0, 27, 31,  0, 60, 26, 19, 28, 6
 86,100, 46, 83, 17, 56,  0, 28, 17,  1, 92,  0,100, 21, 22, 16, 6
 37, 67, 84,100, 51, 80, 24, 41, 32,  0,100,  4, 69, 28,  0, 13, 6
 70,100, 72, 97, 45, 57, 39, 13, 91,  0,100, 39, 41, 44,  0, 11, 6
 70,100, 54, 86, 29, 53, 23, 16, 69,  0,100, 23, 50, 36,  0, 21, 6
100, 99, 52,100, 17, 70,  0, 32, 24,  0, 68, 16, 40, 45,  3, 28, 6
100,100, 63,100, 32, 78,  8, 53,  0, 23, 23,  0, 63,  8, 44, 32, 6
 87,100, 49, 77, 19, 52,  0, 24, 25,  0, 83,  2,100, 25, 45, 31, 6
 77,100, 28, 90,  0, 50, 15, 10, 72,  0,100, 33, 48, 45, 21, 11, 6
100, 93, 74,100, 30, 74,  0, 44,  2, 10, 57,  0, 96, 23, 44, 33, 6
100,100, 56, 89, 22, 59,  0, 26, 24,  0, 77, 11, 77, 39, 22, 36, 6
100,100, 60, 90, 32, 70, 11, 48,  0, 23, 16,  0, 44, 12,  8,  6, 6
 86,100, 38, 76,  8, 48,  0, 20, 50,  0,100, 18, 74, 45,  8, 57, 6
100, 95, 78,100, 28, 72,  0, 39,  1,  4, 71,  0, 88, 32, 11, 41, 6
 96,100, 51, 76, 17, 50,  0, 20, 41,  0,100, 16, 73, 39,  4, 33, 6
100,100, 64, 78, 33, 56, 13, 32,  3,  8, 54,  0, 54, 17,  0,  9, 6
 65,100, 33, 80, 12, 57,  0, 35,  6, 12, 52,  0,100, 13, 58, 19, 6
 94,100, 50, 77, 17, 49,  5, 16, 50,  0,100, 14, 57, 31,  0, 24, 6
100,100, 58, 80, 26, 58,  0, 35,  0, 11, 61,  0, 74, 12, 16,  6, 6
100,100, 58, 91, 24, 69,  2, 42,  0, 12, 39,  0, 49, 26,  4, 37, 6
100,100, 64, 81, 35, 60, 13, 37,  0, 14, 31,  0, 53, 21,  5, 24, 6
100,100, 51, 81, 18, 54,  0, 24, 29,  0, 89, 11, 84, 36, 23, 28, 6
100,100, 57, 85, 20, 57,  0, 27, 26,  0, 90,  8, 81, 34, 14, 36, 6
 84,100, 55, 81, 32, 58, 20, 33, 30,  9,100,  6, 52, 13,  0,  0, 6
100,100, 55, 89, 17, 61,  0, 29, 28,  0, 94,  6, 94, 33, 26, 34, 6
 67,100, 27, 73,  4, 41,  6,  6, 60,  0,100, 24, 52, 37,  0, 22, 6
100,100, 54, 91, 22, 66,  0, 40,  3, 13, 54,  0, 81, 23, 24, 31, 6
 90,100, 58, 88, 23, 56, 16, 17, 66,  0,100, 27, 58, 54,  0, 43, 6
100,100, 69, 83, 40, 58, 15, 31,  0,  0, 36,  1, 43, 27,  6, 20, 6
100,100, 72, 81, 55, 55, 45, 27, 48,  0, 72,  5, 36, 18,  0, 12, 6
 67,100, 39, 88, 10, 56,  0, 20, 44,  0,100, 12, 92, 38, 31, 37, 6
 63,100, 33, 90,  5, 56, 10, 18, 61,  0,100, 22, 46, 36,  0, 16, 6
100, 96, 60,100, 22, 79,  0, 51,  1, 21, 34,  0, 67, 16, 27, 34, 6
 86,100, 38, 72,  7, 38, 14,  3, 82,  0,100, 34, 44, 50,  0, 28, 6
100,100, 62, 80, 32, 59, 11, 38,  0, 16, 35,  0, 78, 17, 24,  8, 6
100,100, 50, 91, 19, 66,  0, 40,  0, 13, 48,  0, 94, 15, 44, 21, 6
 70,100, 33, 89,  0, 56,  2, 18, 62,  0,100, 27, 40, 43,  0, 17, 6
100,100, 61, 83, 35, 63, 12, 43,  0, 22,  4,  0, 41,  6, 27, 25, 6
 95,100, 46, 78, 11, 44,  7,  6, 66,  0,100, 29, 48, 46,  0, 28, 6
100,100, 77, 99, 42, 76, 16, 50,  0, 20, 28,  0, 65, 17, 25, 30, 6
100,100, 71, 93, 38, 65, 16, 33, 29,  0, 76,  7, 35, 19,  0, 14, 6
100,100, 65, 88, 26, 61,  0, 30, 13,  0, 71,  6, 61, 34,  2, 34, 6
 98,100, 50, 83, 14, 53,  0, 20, 46,  0,100, 16, 70, 43, 18, 38, 6
100,100, 62, 85, 34, 58, 11, 31,  0,  3, 48,  0, 81, 24, 34, 23, 6
100,100, 66, 98, 34, 75, 10, 48,  0, 17, 32,  0, 57, 23, 22, 40, 6
100,100, 54, 77, 20, 49,  0, 19, 41,  0,100, 11, 76, 38, 11, 35, 6
100,100, 55, 80, 23, 54,  5, 26, 27,  0, 81,  7, 58, 29,  0, 27, 6
 73,100, 35, 86,  3, 53,  0, 16, 54,  0,100, 22, 53, 42,  4, 30, 6
100,100, 71, 77, 49, 52, 29, 29, 22,  4, 58,  0, 44, 19,  0,  7, 6
100,100, 48, 81, 14, 53,  0, 24, 35,  0, 97, 12, 43, 29,  4, 16, 6
100, 74, 75,100, 25, 85,  0, 53,  8, 19, 55,  0, 68, 27, 16, 34, 6
 89, 66,100,100, 50, 96, 17, 64,  0, 26, 27,  0, 54, 31, 18, 33, 6
 36, 83, 61,100, 23, 68,  0, 33, 23,  0,100,  5, 80, 29,  0, 23, 6
100,100, 67, 81, 41, 62, 20, 41,  8, 20, 18,  0, 47, 10,  0, 20, 6
100,100, 53, 89, 19, 63,  0, 31, 13,  0, 63,  1, 75, 29, 29, 43, 6
100,100, 42, 81,  0, 45,  4,  2, 72,  0, 92, 34, 45, 58,  3, 55, 6
100,100, 68, 91, 37, 65, 15, 37,  9,  4, 45,  0, 46, 27,  0, 23, 6
 74,100, 38, 91, 15, 62,  0, 30, 13,  0, 69,  0,100, 26, 46, 32, 6
 95,100, 46, 85, 16, 55,  0, 22, 39,  0,100, 13, 80, 39, 16, 29, 6
100, 77, 77,100, 29, 86,  0, 57,  3, 24, 39,  0, 56, 21, 11, 39, 6
100,100, 62, 85, 32, 57, 11, 26, 25,  0, 58, 21, 35, 45,  0, 35, 6
100,100, 55, 89, 21, 59,  0, 27, 29,  0, 88, 11, 70, 39,  4, 37, 6
 41,100, 38, 84, 16, 52, 11, 17, 54,  0,100, 19, 55, 32,  0, 23, 6
100,100, 61, 79, 25, 51,  0, 20, 38,  0, 91, 17, 61, 42,  5, 28, 6
 70,100, 35, 72, 10, 44, 10, 14, 68,  0,100, 26, 65, 53,  0, 63, 6
100,100, 46, 89, 13, 64,  0, 34, 25,  7, 80,  0, 80, 24, 26, 26, 6
 64,100, 53, 87, 20, 59,  0, 28, 24,  0, 85,  0,100, 26, 41, 33, 6
 65,100, 35, 85,  4, 54,  0, 20, 48,  0,100, 24, 67, 51,  7, 36, 6
100,100, 53, 91, 20, 64,  0, 32,  9,  1, 59,  0, 64, 23, 16, 23, 6
100,100, 62, 80, 34, 58, 13, 34,  0, 10, 36,  0, 57, 21,  9, 24, 6
100,100, 63, 87, 35, 68, 16, 47,  2, 25,  0,  2, 32,  0, 30, 21, 6
 94, 88, 77,100, 31, 73,  0, 44,  6, 13, 69,  0,100, 23, 20, 30, 6
 69,100, 45, 82, 14, 54,  0, 23, 37,  0,100,  7, 70, 27,  5, 25, 6
100,100, 63, 94, 30, 68,  7, 38,  7,  6, 52,  0, 45, 23,  0, 16, 6
100,100, 47, 87, 13, 57,  0, 22, 41,  0, 92, 16, 62, 43, 23, 23, 6
100, 97, 60,100, 27, 77,  4, 45,  0,  6, 36,  0, 50, 34, 16, 37, 6
100,100, 52, 85, 20, 55,  2, 22, 37,  0, 80, 24, 46, 47,  0, 26, 6
100,100, 74, 96, 45, 68, 28, 35, 32,  0, 63, 12, 38, 37,  0, 31, 6
100,100, 62, 87, 21, 59,  0, 27, 30,  0, 95,  9, 73, 34,  5, 30, 6
100,100, 76, 79, 49, 58, 29, 34, 20, 10, 58,  0, 49, 17,  0,  5, 6
100, 91, 58,100, 20, 75,  0, 38, 11,  0, 56,  3, 61, 37, 20, 33, 6
 27, 70, 59,100, 27, 66, 14, 26, 48,  0,100, 19, 59, 40,  0, 30, 6
 81,100, 59, 98, 21, 65,  0, 29, 33,  0,100, 10, 86, 37, 20, 25, 6
100, 94, 76,100, 36, 67,  3, 30, 31,  0, 90, 15, 59, 46,  0, 34, 6
 81,100, 79, 99, 34, 67,  3, 33, 25,  0,100,  9, 76, 37,  0, 26, 6
 87,100, 36, 82,  3, 52,  0, 17, 50,  0,100, 13, 55, 31,  0, 20, 6
100,100, 48, 88, 14, 59,  0, 28, 27,  0, 92,  8, 69, 29,  2, 18, 6
100,100, 70, 87, 29, 60,  0, 30,  3,  0, 71,  5, 73, 30,  2, 25, 6
100,100, 45, 83, 14, 61,  0, 38,  3, 14, 66,  0, 97, 15, 21,  7, 6
100,100, 60, 82, 32, 56, 13, 28, 22,  0, 70,  8, 40, 24,  0, 19, 6
 90,100, 44, 77, 13, 49,  0, 21, 38,  0,100, 13, 90, 37, 18, 39, 6
100,100, 87, 85, 56, 64, 30, 41, 13, 17, 41,  0, 44, 15,  0, 14, 6
100,100, 48, 81, 19, 54,  7, 25, 39,  0, 92, 10, 64, 34,  0, 33, 6
 81,100, 50, 80, 23, 60,  4, 40,  0, 19, 31,  0,100, 13, 42, 23, 6
 72,100, 37, 86, 12, 55,  0, 23, 43,  0,100, 14, 57, 34,  8, 20, 6
 40,100, 25, 83,  3, 51,  2, 17, 49,  0,100, 17, 60, 38,  0, 35, 6
 77,100, 41, 76, 14, 51,  0, 24, 22,  0, 82,  4,100, 28, 45, 36, 6
100,100, 52, 98, 19, 69,  0, 34, 10,  0, 58,  8, 54, 41, 16, 29, 6
100,100, 46, 80, 14, 53,  0, 25, 27,  0,100,  7, 78, 28,  3, 21, 6
 99,100, 54, 85, 17, 54, 15, 18, 71,  0,100, 21, 37, 36,  0, 18, 6
100,100, 52, 92, 20, 65,  0, 36, 12,  6, 71,  0, 90, 24, 34, 25, 6
100,100, 56, 88, 16, 58,  0, 23, 40,  0, 97, 18, 54, 42,  0, 22, 6
 90,100, 51, 76, 21, 49, 11, 19, 50,  0,100, 12, 52, 23,  0, 15, 6
100,100, 56, 93, 29, 63, 13, 31, 28,  0, 74,  7, 46, 29,  0, 17, 6
 60, 98, 50,100, 20, 70,  0, 38,  7,  8, 83,  0,100, 24, 13, 20, 6
100,100, 62, 85, 30, 61,  7, 32,  0,  0, 40,  0, 34, 25,  1, 11, 6
100,100, 63, 81, 34, 57, 10, 30, 10,  0, 48, 10, 38, 37,  0, 24, 6
100, 98, 53,100, 18, 70,  0, 32, 21,  0, 66, 17, 47, 47, 18, 24, 6
 86,100, 59, 92, 19, 64,  0, 33, 21,  2, 94,  0,100, 25, 26, 20, 6
100,100, 63, 90, 23, 63,  0, 32, 16,  0, 70,  6, 53, 31,  0, 22, 6
100,100, 61, 92, 33, 63, 11, 31,  8,  0, 52, 19, 48, 43,  0, 28, 6
 99,100, 64, 81, 25, 52,  6, 19, 55,  0,100, 25, 60, 45,  0, 31, 6
 67,100, 28, 75,  2, 48,  0, 19, 46,  0,100, 15, 67, 39,  7, 41, 6
100,100, 52, 83, 17, 52,  2, 18, 40,  0, 81, 23, 55, 47,  0, 38, 6
100,100, 58, 88, 22, 63,  0, 31,  8,  0, 56,  9, 59, 39,  7, 47, 6
100,100, 60, 93, 22, 70,  0, 35, 14,  0, 60,  6, 65, 38, 21, 49, 6
 59,100, 34, 78,  7, 49,  0, 18, 48,  0,100, 17, 68, 43, 11, 47, 6
100,100, 48, 99, 12, 68,  5, 30, 39,  0, 91,  8, 59, 37,  0, 35, 6
100, 96, 66,100, 25, 69,  0, 33, 18,  0, 82,  8, 66, 35, 11, 16, 6
100,100, 58, 95, 23, 68,  1, 38,  0,  5, 55,  0, 57, 25,  7, 19, 6
 93,100, 47, 90,  9, 61,  0, 27, 35,  0,100,  4, 84, 31, 18, 27, 6
100,100, 48, 91, 15, 64,  0, 32, 13,  0, 60,  6, 56, 36, 20, 21, 6
100, 88, 57,100, 19, 79,  0, 44, 16,  9, 62,  0, 59, 29, 15, 33, 6
100,100, 77, 76, 49, 53, 26, 30, 20,  6, 77,  0, 51, 17,  0, 10, 6
 98,100, 34, 77,  0, 37, 20,  0, 89,  0,100, 37, 36, 51,  6, 49, 6
100,100, 57, 85, 27, 63,  5, 39,  0, 14, 35,  0, 66, 20, 27, 29, 6
100, 90, 97,100, 68, 74, 45, 47, 35, 20, 77,  1, 61, 18,  0,  0, 6
100,100, 59, 81, 25, 53,  6, 22, 38,  0, 88, 17, 42, 24,  0,  9, 6
100,100, 63, 81, 33, 61,  9, 40,  0, 17, 23,  0, 44, 20,  5, 16, 6
100, 87, 86,100, 41, 76,  9, 49,  0, 18, 46,  0, 78, 22, 15, 26, 6
 67,100, 24, 79,  0, 51,  0, 20, 43,  0,100,  6, 88, 28, 29, 30, 6
100,100, 55, 78, 26, 52,  9, 25, 25,  0, 86, 15, 64, 35,  0, 21, 6
100,100, 60, 96, 23, 68,  0, 33, 17,  0, 69,  7, 75, 38, 22, 37, 6
100,100, 48, 87, 15, 60,  6, 26, 35,  0, 74, 18, 44, 45,  0, 29, 6
100,100, 68, 89, 50, 67, 32, 46, 23, 23, 25,  0, 48,  2,  0,  2, 6
100,100, 58, 82, 26, 53,  6, 21, 38,  0, 88, 15, 57, 36,  0, 29, 6
100,100, 67, 84, 34, 62, 10, 38,  0, 11, 42,  0, 32, 24,  1, 20, 6
100,100, 41, 89,  8, 59,  2, 23, 46,  0, 88, 23, 43, 43,  0, 24, 6
 35, 96, 42,100, 16, 65,  7, 28, 44,  0,100, 16, 62, 35,  0, 22, 6
 57,100, 30, 77,  8, 53,  0, 28, 10,  4, 60,  0,100, 16, 62, 24, 6
100,100, 58, 92, 22, 68,  0, 39,  8,  7, 55,  0, 74, 28, 34, 48, 6
 90,100, 52, 84, 17, 55,  0, 22, 42,  0,100,  8, 72, 30, 13, 25, 6
100,100, 65, 89, 35, 63,  9, 34,  0,  2, 44,  0, 55, 25,  7, 19, 6
 80,100, 37, 76, 10, 50,  0, 22, 39,  0,100, 13, 68, 37,  2, 46, 6
100,100, 55, 93, 12, 66,  0, 29, 30,  0, 84, 15, 72, 48, 10, 46, 6
100,100, 52, 83, 16, 58,  0, 31, 16,  5, 84,  0, 66, 23,  7, 24, 6
 90,100, 55, 85, 17, 58,  0, 26, 35,  0,100,  5, 87, 33, 22, 36, 6
 96, 64,100,100, 50, 99, 15, 68,  0, 31, 22,  0, 47, 27, 14, 25, 6
100, 99, 68,100, 32, 70, 10, 35, 20,  0, 76,  4, 59, 31,  0, 23, 6
 65, 97, 70,100, 39, 66, 24, 28, 55,  0,100, 19, 53, 34,  0, 21, 6
100,100, 55, 93, 20, 71,  0, 43,  4, 11, 45,  0, 68, 24, 33, 42, 6
 84,100, 52, 90, 13, 57,  2, 19, 58,  0,100, 25, 46, 44,  0, 19, 6
 80,100, 42, 78, 12, 46,  0, 10, 56,  0,100, 22, 61, 49,  8, 33, 6
100,100, 59, 88, 23, 59,  0, 28, 19,  0, 81,  9, 56, 26,  3, 15, 6
100,100, 60, 90, 26, 62,  0, 31, 12,  0, 62,  4, 60, 33,  9, 36, 6
100, 81, 67,100, 22, 81,  0, 47,  7, 13, 52,  0, 67, 30, 22, 45, 6
 86,100, 47, 80, 14, 54,  0, 26, 17,  0,100,  8, 92, 33, 19, 50, 6
100, 96, 80,100, 42, 71, 12, 40,  0,  4, 49,  0, 55, 30,  0, 19, 6
100,100, 55, 80, 21, 54,  0, 26, 28,  0, 98,  5, 79, 26,  7, 19, 6
100,100, 55, 95, 23, 68,  2, 37,  0,  5, 47,  0, 53, 28,  6, 14, 6
100,100, 62, 83, 34, 64, 14, 43,  0, 22,  4,  0, 44, 12, 36, 30, 6
100,100, 54, 97, 16, 68,  0, 32, 24,  0, 74, 15, 76, 50, 21, 59, 6
100,100, 62, 84, 26, 56,  0, 25, 28,  0, 83, 16, 64, 44, 13, 26, 6
 78,100, 29, 80,  6, 50,  0, 19, 44,  0,100, 15, 72, 37, 17, 25, 6
100,100, 71, 96, 38, 74, 11, 50,  0, 21, 27,  0, 63, 16, 39, 39, 6
 74,100, 49, 87, 12, 56,  0, 23, 44,  0,100, 17, 42, 34,  2, 20, 6
 60,100, 36, 85,  7, 54,  4, 20, 52,  0,100, 18, 54, 38,  0, 23, 6
 76, 99, 51,100, 15, 64,  0, 25, 46,  0,100, 22, 41, 42,  3, 17, 6
100, 99, 62,100, 26, 78,  2, 48,  0, 16, 38,  0, 59, 23, 20, 38, 6
100,100, 56, 90, 20, 66,  0, 34,  9,  1, 55,  0, 67, 31, 26, 46, 6
100,100, 78, 83, 56, 57, 40, 31, 44,  3, 92,  8, 46, 14,  0,  0, 6
100, 88,100,100, 76, 73, 52, 44, 40, 16, 80,  0, 56, 20,  0,  1, 6
100,100, 52, 82, 15, 54,  0, 21, 44,  0, 96, 17, 66, 43,  7, 30, 6
100,100, 68, 92, 35, 67,  7, 35,  0,  0, 43,  2, 50, 26,  9, 11, 6
100, 98, 56,100, 20, 77,  0, 48,  3, 17, 44,  0, 53, 22, 11, 40, 6
 90,100, 46, 77, 20, 49, 12, 20, 51,  0,100, 17, 64, 41,  0, 44, 6
 66,100, 31, 74,  6, 47,  0, 20, 41,  0,100, 16, 84, 36, 16, 23, 6
100,100, 66, 80, 35, 60, 11, 39,  0, 17, 29,  0, 74, 16, 35, 20, 6
100,100, 65, 80, 38, 56, 15, 29,  8,  0, 48,  8, 36, 27,  0, 13, 6
 84, 88,100,100, 70, 73, 46, 47, 32, 19, 51,  0, 41, 25,  0,  8, 6
100,100, 50, 80, 19, 59,  0, 36,  0, 13, 53,  0, 78, 19,  3, 19, 6
100,100, 78, 98, 34, 69,  6, 36, 15,  1, 77,  0, 68, 32,  0, 28, 6
100,100, 45, 87, 12, 59,  0, 26, 27,  0, 87,  8, 87, 37, 27, 31, 6
100,100, 56, 82, 22, 55,  0, 25, 26,  0, 78,  9, 61, 36,  6, 38, 6
100,100, 45, 91,  7, 63,  0, 30, 33,  1, 89,  0, 63, 28,  7, 31, 6
100, 79, 59,100, 17, 73,  0, 35, 22,  0, 76,  5, 59, 34, 19, 16, 6
100,100, 57, 84, 22, 59,  3, 28, 24,  0, 72, 11, 54, 36,  0, 28, 6
100,100, 55, 94, 27, 70,  6, 44,  0, 14, 29,  0, 43, 25,  2, 25, 6
100, 89, 55,100, 17, 72,  0, 31, 26,  0, 67, 22, 40, 48, 13, 21, 6
100,100, 52, 87, 16, 61,  0, 29, 22,  0, 73, 10, 65, 40, 10, 46, 6
100,100, 59, 80, 31, 55, 16, 26, 31,  0, 82,  5, 47, 18,  0,  4, 6
100,100, 54, 86, 18, 59,  0, 29, 23,  1, 85,  0, 66, 18, 23, 15, 6
100, 74, 81,100, 33, 92,  4, 62,  0, 26, 31,  0, 61, 21, 24, 42, 6
100, 86, 67,100, 24, 80,  0, 50,  0, 16, 41,  0, 63, 24, 18, 35, 6
100, 95, 49,100, 14, 71,  0, 34, 21,  0, 64, 16, 39, 45, 29, 13, 6
100,100, 62, 87, 34, 64, 13, 37,  0,  9, 29,  0, 40, 25,  1, 22, 6
100,100, 60, 98, 23, 69,  0, 32, 24,  0, 77,  8, 70, 39, 17, 37, 6
100, 83, 62,100, 22, 73,  0, 44,  3, 13, 70,  0, 95, 22,  8, 21, 6
100,100, 63, 82, 35, 63, 10, 43,  0, 21, 14,  0, 63,  2, 35, 11, 6
100,100, 55, 85, 15, 56,  8, 21, 56,  0, 99, 24, 53, 45,  0, 26, 6
100,100, 50, 90, 20, 61,  0, 29, 18,  0, 76,  6, 62, 31,  5, 33, 6
100, 88, 69,100, 34, 82,  8, 56,  0, 23, 26,  0, 50, 22, 22, 42, 6
100,100, 57, 85, 21, 58,  0, 29, 13,  0, 66,  8, 57, 33,  6, 26, 6
100,100, 65, 92, 27, 69,  0, 40,  8,  7, 58,  0, 87, 21, 41, 33, 6
100,100, 64, 90, 24, 52, 37,  9, 96,  0, 92, 42, 29, 50,  0, 17, 6
 51,100, 45, 99, 11, 65,  0, 25, 43,  0,100, 20, 74, 48, 15, 31, 6
 57,100, 23, 74,  2, 45,  0, 16, 47,  0,100, 13, 72, 34, 16, 23, 6
100,100, 62, 80, 31, 56,  9, 29, 12,  0, 59,  2, 48, 23,  0, 18, 6
100,100, 53, 79, 19, 50,  0, 18, 36,  0, 74, 25, 52, 53,  2, 38, 6
100,100, 57, 91, 28, 63,  6, 33,  9,  1, 62,  0, 59, 22,  0, 12, 6
100,100, 58, 94, 21, 66,  5, 35, 17,  4, 74,  0, 62, 29,  0, 37, 6
 85,100, 44, 87, 11, 54,  0, 16, 50,  0,100, 20, 68, 46,  8, 41, 6
 89,100, 46, 78, 14, 51,  0, 22, 38,  0,100,  8, 92, 33, 30, 28, 6
 77,100, 65, 90, 24, 61,  0, 28, 33,  0,100,  8, 69, 32,  2, 27, 6
100,100, 51, 82, 17, 55,  0, 24, 32,  0, 83, 14, 77, 43, 25, 39, 6
 90,100, 46, 78, 20, 50, 17, 19, 59,  0,100, 17, 48, 27,  0, 16, 6
 17, 99, 30,100,  0, 53, 14,  4, 83,  0,100, 46, 28, 55,  6, 13, 6
100,100, 49, 80, 17, 51,  0, 19, 34,  0, 91, 15, 77, 44, 23, 39, 6
100,100, 63, 85, 33, 62,  8, 37,  0,  7, 39,  0, 60, 25, 25, 41, 6
 82,100, 49, 75, 26, 47, 17, 18, 56,  0,100, 18, 55, 31,  0, 20, 6
 89,100, 80, 97, 44, 61, 44, 20, 99,  0,100, 31, 40, 46,  0, 29, 6
100,100, 55, 94, 17, 64,  0, 32, 17,  0, 88,  2, 64, 22, 24, 13, 6
100,100, 60, 79, 27, 54,  2, 26, 10,  0, 54, 16, 34, 40,  0, 21, 6
100,100, 57, 79, 27, 58,  7, 35,  0, 12, 50,  0, 97, 17, 50, 27, 6
 74,100, 49, 87, 26, 59, 20, 28, 29,  0,100, 11, 86, 39,  0, 49, 6
100,100, 52, 83,  8, 54,  0, 14, 57,  0,100, 27, 58, 50,  8, 43, 6
 48,100, 35, 83,  7, 51,  0, 18, 47,  0,100, 19, 67, 42,  9, 26, 6
100,100, 52, 83, 17, 60,  0, 33, 10,  6, 63,  0, 65, 24, 13, 36, 6
 88,100, 53, 80, 22, 54,  0, 27,  9,  0,100,  7, 44, 18,  6,  4, 6
 53,100, 37, 93, 10, 58,  0, 20, 45,  0,100, 18, 62, 40,  0, 38, 6
 94,100, 47, 78, 14, 50,  0, 22, 39,  0,100, 19, 81, 46,  8, 53, 6
100,100, 60, 76, 36, 49, 26, 21, 57,  0, 91, 23, 62, 47,  0, 49, 6
 74,100, 46, 89, 21, 54, 17, 16, 65,  0,100, 22, 46, 34,  0, 27, 6
100,100, 57, 98, 23, 72,  0, 41,  1,  7, 47,  0, 52, 28,  2, 32, 6
 87,100, 43, 78, 13, 52,  0, 24, 31,  0, 91, 10,100, 37, 41, 41, 6
100,100, 58, 90, 25, 68,  4, 44,  0, 20, 35,  0, 60, 18,  7, 34, 6
100,100, 66, 90, 29, 63,  0, 31, 13,  0, 67,  4, 78, 35, 29, 46, 6
100, 99, 60,100, 22, 65,  0, 27, 31,  0, 87, 23, 62, 54,  7, 37, 6
100,100, 56, 91, 21, 60,  7, 24, 41,  0, 76, 29, 50, 57,  0, 44, 6
100,100, 68, 95, 33, 72,  7, 45,  0, 15, 38,  0, 55, 25, 11, 33, 6
100,100, 47, 84, 14, 51,  0, 13, 44,  0, 79, 31, 43, 51, 10, 19, 6
 84,100, 41, 80, 20, 50, 15, 19, 55,  0,100, 20, 48, 31,  0, 15, 6
 71,100, 50, 95, 16, 66,  0, 34, 16,  5, 92,  0,100, 26, 21, 32, 6
100,100, 40, 84,  0, 45,  0,  0, 57, 17, 38, 50, 14, 52, 57, 27, 6
 98,100, 50, 84, 12, 55,  0, 21, 48,  0,100, 22, 43, 32, 14, 15, 6
100,100, 44, 83, 11, 53,  0, 20, 35,  0, 89, 16, 76, 41, 20, 35, 6
100,100, 59, 80, 22, 53,  8, 18, 39,  0, 80, 24, 47, 45,  0, 37, 6
 61,100, 26, 77, 13, 50, 11, 23, 39,  0,100, 14, 68, 37,  0, 48, 6
 43,100, 10, 76,  0, 47, 10, 18, 53,  0,100, 12, 86, 36, 33, 38, 6
100,100, 59, 78, 23, 53,  1, 23, 27,  0, 77, 10, 54, 34,  0, 36, 6
 76,100, 44, 86, 11, 55,  0, 19, 46,  0,100, 14, 59, 36, 13, 26, 6
100,100, 77, 97, 45, 71, 17, 43,  0, 12, 32,  0, 62, 24, 24, 29, 6
 60,100, 24, 75,  2, 47,  0, 18, 45,  0,100, 10, 67, 34, 11, 46, 6
100,100, 54, 83, 22, 57,  5, 26, 28,  0, 77, 11, 52, 31,  0, 22, 6
 88,100, 39, 75,  9, 48,  0, 21, 55,  0,100, 21, 76, 48,  0, 61, 6
100, 95, 84,100, 40, 77,  6, 47,  0, 12, 49,  0, 77, 27, 30, 47, 6
 98,100, 51, 87, 15, 59,  0, 29, 22,  0,100,  6, 85, 34, 10, 49, 6
100,100, 71, 89, 39, 64, 15, 35, 11,  0, 50,  1, 40, 30,  0, 27, 6
100,100, 53, 81, 19, 56,  0, 26, 20,  0, 78,  0, 96, 24, 47, 37, 6
100, 98, 67,100, 29, 76,  2, 44,  0,  8, 45,  0, 54, 32, 11, 50, 6
100,100, 56, 92, 22, 69,  0, 42,  3, 13, 47,  0, 73, 23, 33, 42, 6
100,100, 55, 86, 21, 65,  0, 40,  5, 14, 46,  0, 62, 19, 17, 32, 6
100,100, 67, 99, 37, 69, 14, 35,  8,  0, 50,  9, 36, 31,  0,  6, 6
100, 97, 82,100, 45, 75, 15, 47,  0, 13, 39,  0, 58, 24, 12, 25, 6
 75,100, 58, 75, 38, 47, 30, 18, 62,  0,100, 13, 50, 16,  0, 10, 6
 67,100, 33, 79,  6, 49,  0, 16, 47,  0,100, 12, 70, 29, 13, 25, 6
100,100, 60, 83, 24, 51,  0, 17, 45,  0, 94, 17, 57, 41,  6, 30, 6
 97, 72,100,100, 44, 81, 13, 53,  0, 23, 41,  0, 85, 22, 18, 32, 6
 33, 76,100,100, 46, 72,  3, 40,  0,  5, 81,  0, 93, 26,  6, 19, 6
100,100, 51, 80, 16, 53,  0, 23, 31,  0, 93,  9, 87, 35, 28, 27, 6
 97,100, 77, 99, 31, 68,  0, 34, 14,  0,100,  2, 94, 32, 14, 24, 6
100,100, 67, 77, 44, 53, 31, 26, 38,  0, 88,  4, 44, 15,  0,  4, 6
100, 86, 62,100, 21, 83,  0, 51,  5, 17, 43,  0, 67, 25, 29, 42, 6
100,100, 64, 77, 38, 52, 23, 26, 36,  0, 87, 13, 64, 37,  0, 46, 6
 96, 63,100,100, 45, 95, 11, 63,  0, 25, 36,  0, 48, 29, 19, 19, 6
 93,100, 41, 80, 12, 54,  0, 25, 29,  0,100,  4, 97, 29, 26, 36, 6
100, 89, 74,100, 34, 76,  6, 45,  0, 11, 41,  0, 57, 32, 12, 45, 6
100,100, 58, 78, 23, 55,  0, 30,  5,  3, 60,  0, 95, 22, 47, 32, 6
 63,100, 26, 76,  7, 51,  0, 25, 22,  0,100,  6, 78, 31,  0, 40, 6
100, 99, 69,100, 28, 73,  0, 40,  8,  4, 63,  0, 72, 34, 15, 37, 6
100,100, 64, 80, 36, 60, 12, 38,  0, 16, 28,  0, 74, 15, 12, 10, 6
100,100, 61, 83, 25, 58,  5, 29, 20,  1, 75,  0, 57, 20,  0, 14, 6
100,100, 63, 83, 27, 57,  0, 26, 25,  0, 76, 12, 58, 39, 15, 24, 6
100,100, 69, 94, 28, 66,  0, 33,  7,  0, 72,  3, 79, 32, 11, 33, 6
100,100, 62, 96, 27, 75,  5, 49,  0, 20, 30,  0, 66, 17, 30, 34, 6
100,100, 63, 81, 33, 60, 11, 40,  0, 16, 33,  0, 83, 12, 65, 32, 6
100,100, 57, 97, 22, 68,  0, 37, 11,  5, 92,  0, 92, 28,  3, 25, 6
 95,100, 51, 76, 22, 51, 11, 24, 27,  0,100, 13, 78, 36,  0, 40, 6
100,100, 57, 81, 24, 59,  0, 34,  0,  8, 47,  0, 65, 22, 14, 23, 6
 95, 93, 56,100, 28, 68, 18, 34, 38,  2,100,  0, 74, 27,  0, 21, 6
100,100, 54, 94, 17, 68,  0, 32, 21,  0, 65,  9, 52, 40, 14, 22, 6
100,100, 49, 85, 16, 57,  0, 28, 23,  0, 89,  5, 94, 31, 27, 26, 6
 87,100, 43, 83, 13, 55,  0, 23, 30,  0, 80,  5,100, 28, 50, 29, 6
 96,100, 77, 91, 33, 58, 10, 19, 67,  0,100, 31, 60, 62,  0, 37, 6
 99,100, 46, 86, 12, 59,  0, 28, 27,  0, 89,  2,100, 29, 38, 30, 6
 86,100, 39, 77,  4, 51,  0, 25, 29,  0,100, 11, 89, 36, 18, 51, 6
100,100, 44, 94,  8, 59,  0, 17, 51,  0, 92, 27, 48, 50,  7, 21, 6
100,100, 59, 83, 31, 63, 11, 42,  0, 20, 17,  0, 69,  8, 48, 24, 6
100,100, 58, 87, 30, 59, 19, 27, 40,  0, 84,  8, 45, 21,  0, 12, 6
 80,100, 35, 84, 10, 53,  0, 20, 41,  0,100, 14, 91, 40, 28, 33, 6
 88,100, 39, 88, 11, 58,  0, 26, 35,  0,100,  9, 84, 34, 12, 36, 6
100, 90, 90,100, 54, 73, 31, 43, 29, 12, 88,  8, 58, 18,  0,  0, 6
100,100, 63, 77, 32, 52, 12, 24, 28,  0, 76, 19, 51, 37,  0, 22, 6
100,100, 58, 88, 22, 62,  0, 33,  0,  1, 49,  0, 70, 28, 26, 42, 6
100, 99, 68,100, 32, 67,  8, 31, 24,  0, 69, 21, 34, 46,  0, 22, 6
 95,100, 52, 79, 20, 57,  0, 34,  5,  9, 62,  0,100, 18, 40, 27, 6
 72,100, 40, 92,  5, 60,  0, 25, 49,  0,100, 22, 42, 38, 11, 19, 6
100,100, 47, 81, 20, 43, 30,  4, 93,  0, 93, 35, 40, 43,  0, 40, 6
100,100, 47, 96, 15, 64,  0, 29, 32,  0, 85, 16, 57, 46,  9, 30, 6
 86,100, 39, 79, 11, 52,  0, 23, 35,  0,100,  9, 92, 33, 22, 34, 6
100,100, 60, 85, 25, 58,  0, 28, 13,  0, 71,  6, 46, 23, 15, 10, 6
100,100, 59, 84, 28, 56, 13, 26, 41,  0,100,  9, 54, 22,  0,  6, 6
100,100, 44, 78, 15, 52,  9, 26, 29,  0,100, 12, 79, 37,  0, 42, 6
100,100, 66, 85, 37, 69, 14, 51,  0, 32,  0, 12, 31,  0, 34, 11, 6
100,100, 53, 88, 20, 61,  0, 31, 16,  1, 67,  0, 56, 27,  3, 32, 6
 86,100, 46, 81, 18, 61,  0, 40,  0, 19, 32,  0,100,  3, 46, 10, 6
 86,100, 49, 77, 28, 51, 26, 24, 51,  0,100, 13, 63, 34,  0, 31, 6
 86,100, 38, 80,  6, 51,  0, 18, 47,  0,100, 13, 62, 30,  7, 18, 6
 86,100, 35, 77,  8, 51,  0, 23, 35,  0,100, 15, 84, 42, 22, 58, 6
 80,100,100, 97, 48, 68,  7, 38,  0,  7, 91,  0, 98, 22,  9, 12, 6
100, 83, 65,100, 24, 79,  0, 48,  4, 14, 46,  0, 67, 26, 24, 40, 6
100, 77, 98,100, 41, 83,  5, 55,  0, 23, 42,  0, 66, 24, 11, 35, 6
100,100, 64, 90, 33, 69, 10, 45,  0, 17, 30,  0, 50, 20, 13, 36, 6
100,100, 69, 80, 36, 54, 17, 27, 19,  0, 83,  3, 67, 29,  0, 40, 6
100,100, 77, 91, 40, 64, 15, 35, 17,  5, 80,  0, 63, 24,  0, 14, 6
100,100, 71, 80, 42, 59, 18, 38,  0, 14, 23,  0, 52, 19, 22, 32, 6
 98,100, 43, 83,  7, 51,  0, 15, 50,  0,100, 26, 83, 54, 19, 46, 6
 50,100, 35, 71, 17, 42, 12, 12, 56,  0,100, 20, 54, 31,  0, 19, 6
100,100, 59, 90, 22, 62,  0, 29, 22,  0, 76, 10, 51, 37,  0, 33, 6
100,100, 88, 99, 49, 74, 17, 47,  0, 16, 37,  0, 73, 16, 20, 20, 6
 54,100, 34, 75,  6, 43,  0, 11, 70,  0,100, 28, 44, 46, 36, 21, 6
 60,100, 20, 76,  0, 39, 10,  1, 69,  0,100, 33, 56, 40, 15, 10, 6
100, 99, 67,100, 24, 68,  0, 32, 27,  0, 99,  8, 77, 40,  9, 55, 6
 97,100, 41, 90,  4, 58,  0, 22, 52,  0,100, 22, 49, 38,  8, 13, 6
100,100, 58, 83, 31, 55, 17, 24, 43,  0, 80, 19, 50, 43,  0, 39, 6
 72,100, 38, 88,  2, 57,  0, 19, 51,  0,100, 20, 55, 34, 12,  7, 6
 32,100, 12, 76,  0, 48,  1, 21, 39,  0,100,  9, 64, 21, 18,  3, 6
 39,100, 23, 82,  0, 52,  1, 21, 48,  0,100, 16, 70, 42,  6, 55, 6
100,100, 63, 78, 28, 53,  0, 27,  4,  0, 60,  1, 78, 22, 24, 21, 6
 73, 98, 35,100,  0, 59,  0, 13, 71,  8,100, 45, 29, 41,  9,  0, 6
 85,100, 30, 84,  5, 54,  0, 22, 48,  0,100, 21, 66, 47,  0, 37, 6
100, 77, 92,100, 49, 76, 18, 48,  0, 15, 38,  0, 75, 23, 29, 27, 6
100, 98, 60,100, 29, 73, 10, 41,  6,  6, 46,  0, 46, 27,  0, 30, 6
 84,100, 59, 99, 16, 72,  0, 42, 20, 12,100,  0, 94, 22,  4, 27, 6
100,100, 53, 81, 25, 54, 11, 25, 38,  0, 99,  8, 65, 29,  0, 25, 6
 86,100, 48, 79, 13, 52,  0, 22, 45,  0,100, 16, 76, 40,  6, 35, 6
 65,100, 24, 84,  0, 48,  9, 10, 61,  0,100, 24, 58, 47,  2, 46, 6
 84,100, 46, 98, 13, 60,  0, 19, 53,  0,100, 32, 33, 36, 10,  4, 6
 98,100, 52, 77, 18, 52,  0, 25, 25,  0,100,  5, 97, 29, 23, 22, 6
100,100, 59, 79, 26, 54,  2, 28,  1,  0, 58,  0, 58, 21,  0, 19, 6
100,100, 68, 96, 38, 70, 14, 44,  0, 14, 36,  0, 51, 23,  3, 28, 6
 78,100, 40, 94, 16, 58,  5, 21, 53,  0,100, 27, 36, 30,  0,  0, 6
 91,100, 66, 88, 31, 58, 15, 26, 50,  0,100, 17, 67, 45,  0, 47, 6
100,100, 52, 80, 20, 52,  6, 20, 45,  0, 99, 12, 59, 30,  0, 25, 6
100,100, 71, 95, 30, 64,  1, 27, 32,  0, 82, 19, 54, 51,  0, 48, 6
100,100, 68, 78, 37, 55, 13, 29, 11,  0, 51,  2, 41, 20,  0, 20, 6
100, 92, 64,100, 37, 77, 20, 50, 11, 21, 22,  0, 35, 26,  0, 40, 6
 85,100, 56, 72, 42, 39, 55,  7,100,  0, 95, 30, 46, 37,  0, 23, 6
 65,100, 25, 93,  0, 56, 11, 16, 60,  0,100, 20, 50, 28,  9,  1, 6
100,100, 50, 98, 16, 67,  0, 30, 26,  0, 80,  8, 81, 34, 29, 24, 6
100,100, 62, 83, 36, 57, 23, 26, 42,  0, 81, 10, 43, 23,  0, 18, 6
100,100, 59, 78, 25, 52,  0, 24, 16,  0, 79,  8, 70, 29,  7, 27, 6
 92,100, 61, 85, 31, 57, 10, 29, 21,  0,100,  7, 69, 27,  0, 13, 6
100,100, 54, 90, 17, 66,  0, 35, 16,  5, 66,  0, 66, 29, 22, 47, 6
100,100, 66,100, 25, 69,  0, 35, 14,  0, 77,  0, 72, 34, 10, 51, 6
 38, 76, 58,100, 21, 65,  0, 27, 44,  0,100, 22, 45, 36, 22,  8, 6
100,100, 44, 91,  7, 60,  0, 24, 46,  0, 99, 24, 41, 30, 19,  0, 6
100,100, 57, 78, 25, 53, 12, 26, 30,  0, 88,  7, 65, 28,  0, 21, 6
100,100, 75, 83, 43, 57, 20, 28, 31,  0, 77,  6, 48, 24,  0, 24, 6
100,100, 51, 85, 18, 58,  0, 28, 17,  0, 78,  1, 68, 20,  8, 12, 6
 80,100, 32, 81,  7, 52,  0, 21, 40,  0,100,  9, 88, 30, 28, 22, 6
 33,100, 10, 76,  0, 48,  4, 20, 43,  0,100, 10, 81, 31, 21, 25, 6
 51,100, 21, 77,  2, 49,  0, 20, 45,  0,100, 17, 51, 27,  4,  7, 6
100,100, 54, 85, 21, 57,  0, 27, 23,  0, 75,  7, 57, 29,  3, 23, 6
100,100, 62, 86, 30, 66,  7, 41,  0, 12, 36,  0, 59, 18, 17, 25, 6
 76,100, 34, 77,  7, 48,  0, 17, 47,  0,100, 13, 78, 37, 21, 29, 6
 84,100, 37, 82,  7, 55,  0, 25, 35,  0,100,  7, 85, 30, 23, 19, 6
 99,100, 61, 78, 37, 40, 41,  0, 99,  0,100, 33, 47, 50,  0, 28, 6
100,100, 81, 81, 39, 55,  0, 28,  8,  0, 75,  4, 66, 31, 12, 25, 6
100, 95, 87,100, 49, 74, 16, 43,  6,  6, 52,  0, 48, 29,  0, 39, 6
 64,100, 32, 77, 16, 47, 16, 16, 58,  0,100, 16, 49, 23,  0,  9, 6
100,100, 59, 73, 26, 45,  0, 15, 33,  0, 97, 18, 81, 38,  9, 28, 6
100,100, 66, 94, 38, 70, 15, 45,  0, 18, 26,  0, 55, 16, 11, 24, 6
 93,100, 52, 82, 19, 52, 12, 18, 60,  0,100, 21, 44, 32,  0, 10, 6
 68,100, 23, 77,  0, 41,  7,  3, 64,  0,100, 31, 56, 39, 14, 11, 6
 55, 89, 32,100,  5, 65,  0, 28, 43,  0,100, 19, 51, 31, 16,  0, 6
100,100, 65, 85, 33, 64, 10, 39,  0, 11, 35,  0, 54, 22, 10, 24, 6
100,100, 35, 91,  0, 57,  1, 18, 67, 10, 96, 39, 27, 33, 16,  0, 6
100,100, 63, 84, 32, 55, 13, 22, 43,  0, 81, 17, 36, 28,  0,  8, 6
100,100, 51, 95, 16, 64,  0, 28, 36,  0, 98, 12, 68, 35,  6, 24, 6
 66,100, 33, 78, 11, 53,  0, 25, 20,  0, 77,  1,100, 24, 41, 26, 6
 57, 94, 39,100, 11, 69,  0, 35, 23,  4, 97,  0,100, 24, 41,  5, 6
 82, 97, 35,100,  0, 67,  0, 25, 45,  2,100, 10, 61, 23, 14,  0, 6
100,100, 65, 79, 39, 56, 17, 32,  8,  5, 49,  0, 47, 18,  0, 12, 6
100, 94, 63,100, 30, 71,  8, 39,  6,  6, 57,  0, 54, 19,  0, 10, 6
100,100, 49, 80, 15, 54,  0, 25, 26,  0, 86,  7, 62, 24,  0, 19, 6
 94,100, 56, 74, 27, 46, 15, 13, 61,  0,100, 20, 49, 31,  0, 19, 6
 64,100, 21, 74,  0, 38, 17,  3, 72,  0,100, 31, 59, 51,  6, 39, 6
 89,100, 48, 76, 18, 46,  8, 12, 55,  0,100, 14, 51, 23,  0, 12, 6
100,100, 54, 89, 18, 61,  0, 27, 29,  0, 83, 11, 61, 35,  7, 25, 6
 91,100, 48, 76, 17, 51,  0, 24, 28,  0,100,  5, 78, 26,  0, 29, 6
100,100, 55, 88, 20, 61,  0, 28, 19,  0, 66, 14, 62, 43, 17, 43, 6
100,100, 57, 90, 32, 60, 15, 30, 26,  0, 89,  7, 70, 34,  0, 43, 6
 66,100, 25, 80,  4, 53,  0, 25, 26,  0, 94,  0,100, 22, 45,  8, 6
 99, 97, 47,100,  8, 74,  0, 41, 28, 11, 85,  0,100, 22, 38, 24, 6
100,100, 59, 82, 31, 56, 17, 27, 35,  0, 83,  0, 49, 16,  0,  8, 6
100,100, 58, 85, 23, 59,  0, 30,  9,  0, 58,  5, 60, 34,  7, 25, 6
100,100, 56, 81, 33, 51, 26, 18, 63,  0, 93, 25, 47, 38,  0, 20, 6
 78,100, 43, 76, 10, 47,  0, 16, 57,  0,100, 24, 51, 44,  9, 23, 6
 91, 98, 48,100, 12, 60,  0, 15, 55,  0,100, 27, 39, 38,  5,  5, 6
 69,100, 43, 92, 15, 58,  5, 21, 50,  0,100, 20, 48, 34,  0, 15, 6
 97,100, 63, 90, 30, 56, 11, 20, 48,  0,100, 22, 39, 27,  0,  4, 6
 81,100, 50, 79, 23, 52, 17, 22, 70, 15,100, 31, 44, 19,  0,  0, 6
100, 97, 58,100, 21, 70,  0, 34, 21,  0, 71,  1, 57, 28, 11, 14, 6
100,100, 53, 82, 18, 57,  0, 29, 14,  0, 69,  1, 64, 20, 12,  7, 6
 73,100, 35, 81, 10, 51, 11, 19, 59,  0,100, 19, 62, 44,  0, 47, 6
 62,100, 27, 82,  0, 51,  2, 19, 51,  0,100, 18, 62, 40, 20, 22, 6
 16,100, 11, 71,  5, 39, 29, 11, 85, 11,100, 28, 46, 18,  0,  0, 6
100,100, 54, 85, 21, 60,  0, 33,  2,  5, 52,  0, 54, 22,  1, 17, 6
100,100, 70, 93, 37, 68, 11, 41,  0, 11, 38,  0, 48, 25,  2, 35, 6
100,100, 49, 91, 13, 62,  0, 28, 33,  0, 90, 15, 75, 45,  8, 49, 6
100,100, 55,100, 13, 76,  0, 46, 12, 15, 64,  0, 78, 27, 26, 46, 6
100,100, 60, 89, 26, 65,  3, 36,  0,  4, 43,  0, 51, 26, 12, 31, 6
 75,100, 46, 69, 22, 37, 12,  3, 66,  0,100, 26, 45, 34,  0, 13, 6
 52,100, 19, 73,  0, 44,  6, 14, 58,  0,100, 17, 60, 36, 19, 20, 6
 95, 85,100,100, 61, 71, 41, 36, 50,  0, 93,  3, 58, 30,  0, 26, 6
100,100, 59, 82, 25, 57,  0, 28, 14,  0, 59, 14, 46, 39,  0, 30, 6
100,100, 57, 84, 24, 58,  0, 27, 18,  0, 69, 10, 57, 38,  4, 42, 6
 57,100, 35, 87,  9, 58,  0, 28, 29,  2,100,  0, 71, 16,  5,  5, 6
100,100, 56, 82, 19, 56,  0, 25, 30,  0, 87,  2, 84, 16, 30,  9, 6
 34,100, 32,100,  8, 64,  0, 27, 41,  0,100, 10, 76, 42, 19, 60, 6
100,100, 47, 79, 14, 53,  0, 26, 24,  0, 93,  2, 95, 25, 14, 25, 6
 99,100, 54, 77, 26, 52, 17, 23, 51,  0,100, 14, 61, 35,  0, 27, 6
 98,100, 50, 76, 20, 42, 21,  5, 77,  0,100, 34, 45, 37,  0, 10, 6
 97,100, 53, 77, 32, 44, 39,  9, 90,  0,100, 31, 51, 49,  0, 36, 6
 54,100, 24, 79,  6, 48, 13, 16, 59,  0,100, 15, 54, 30,  0, 23, 6
100,100, 67, 76, 39, 51, 15, 23, 29,  0, 73, 10, 46, 26,  0, 22, 6
 52,100, 21, 75,  5, 49,  0, 22, 34,  1,100,  0, 95, 22, 35, 16, 6
100,100, 70, 86, 30, 60,  0, 29, 11,  0, 70,  9, 76, 32, 16, 35, 6
100,100, 56,100, 19, 75,  0, 43, 12, 10, 62,  0, 68, 14, 15, 12, 6
100,100, 59, 92, 25, 65,  0, 33,  4,  0, 53,  2, 48, 30,  1, 33, 6
100, 91, 67,100, 27, 71,  0, 35, 17,  0, 68,  4, 58, 34, 23, 15, 6
 93, 93, 60,100, 19, 71,  0, 39, 23,  8,100,  9, 86, 26, 38,  0, 6
 79,100, 35, 80,  6, 52,  0, 22, 43,  0,100,  6, 75, 31, 17, 31, 6
100,100, 67, 90, 39, 70, 14, 47,  0, 19, 22,  0, 37, 21,  3, 30, 6
 70,100, 49, 82, 26, 52, 19, 20, 62,  3,100, 19, 43, 20,  0,  0, 6
100,100, 61, 88, 30, 64,  7, 36,  0,  5, 42,  0, 49, 23,  6, 25, 6
100,100, 56, 86, 23, 61,  0, 30, 14,  0, 59,  7, 47, 33,  1, 27, 6
 73,100, 45, 79, 18, 49,  7, 16, 49,  0,100, 14, 55, 21,  0, 12, 6
 86, 71,100,100, 58, 79, 24, 51,  0, 17, 28,  0, 43, 25,  2, 21, 6
100,100, 53, 84, 18, 58,  0, 28, 19,  0, 76,  4, 84, 27, 24, 27, 6
100,100, 57, 90, 28, 67,  6, 43,  0, 15, 37,  0, 70, 16, 28, 27, 6
100,100, 62, 81, 35, 58, 18, 33, 31,  7, 76,  0, 49, 18,  0, 17, 6
100,100, 76, 95, 50, 72, 26, 49,  6, 26,  0,  0, 46,  2, 25, 20, 6
 64,100, 20, 79,  0, 49,  2, 18, 49,  0,100, 15, 59, 25, 17,  3, 6
100,100, 40, 83,  2, 51,  0, 16, 67,  9, 89, 38, 18, 32, 11,  0, 6
100,100, 78, 91, 45, 70, 18, 47,  0, 22, 21,  0, 64, 11, 16, 15, 6
100,100, 56, 91, 25, 68,  4, 43,  0, 15, 37,  0, 61, 20, 12, 24, 6
 48,100, 16, 79,  0, 46, 12, 12, 55,  0,100, 10, 75, 29, 33, 16, 6
 97,100, 51,100, 14, 68,  0, 32, 28,  0,100, 13, 73, 32, 10, 10, 6
100,100, 56, 83, 22, 57,  0, 29, 11,  0, 68,  0, 62, 24,  6, 11, 6
 66,100, 21, 85,  0, 55,  4, 23, 48,  0,100, 12, 62, 36,  6, 25, 6
 45,100, 34, 79, 11, 51,  0, 23, 40,  0,100, 16, 51, 36, 28, 23, 6
 78,100, 36, 78,  6, 40, 13,  0, 71,  1,100, 35, 43, 28,  0,  3, 6
100,100, 54, 81, 19, 59,  0, 34, 11,  9, 71,  0, 84, 17, 17, 17, 6
100,100, 58, 88, 24, 61,  1, 31, 14,  0, 67,  1, 48, 27,  0, 19, 6
100,100, 58, 83, 30, 57, 20, 26, 42,  0, 80,  9, 47, 31,  0, 39, 6
100,100, 64, 78, 36, 50, 22, 17, 55,  0, 90, 17, 45, 24,  0, 17, 6
 38,100, 16, 80,  3, 50,  0, 20, 48,  5,100, 20, 47, 24, 22,  0, 6
 80, 74,100,100, 56, 70, 29, 35, 36,  0,100, 13, 67, 38,  0, 24, 6
100, 98, 49,100, 13, 69,  6, 30, 40,  0, 93, 13, 61, 41,  0, 41, 6
 86,100, 41, 79, 10, 50,  0, 18, 45,  0,100, 11, 78, 36, 22, 29, 6
 74,100, 50, 99, 13, 67,  0, 31, 35,  0,100, 10, 79, 43, 10, 52, 6
100, 99, 81,100, 43, 74, 13, 44,  0,  8, 44,  0, 60, 27, 13, 35, 6
 88,100, 30, 79,  5, 54,  0, 28, 25,  3,100,  0, 92, 25, 15, 26, 6
 79,100, 46, 75, 22, 48, 22, 18, 65,  0,100, 17, 51, 32,  0, 20, 6
 58,100, 21, 71,  1, 35, 15,  0, 66,  2,100, 28, 50, 32,  0, 19, 6
 66,100, 50, 86, 21, 56,  0, 26, 26,  0,100, 16, 53, 33, 15,  7, 6
 97,100, 56, 94, 20, 65,  0, 32, 20,  0, 93,  1,100, 28, 30, 34, 6
 82, 83,100,100, 54, 76, 17, 47,  0, 13, 46,  0, 50, 30,  0, 27, 6
 40, 98, 51,100,  0, 61, 11, 16, 93,  0,100, 37, 18, 51, 24, 19, 6
100,100, 51, 96, 18, 67,  0, 35, 12,  4, 79,  0, 94, 25, 32, 24, 6
100,100, 44, 84, 17, 56,  8, 27, 34,  0, 84, 17, 53, 35,  0, 15, 6
100,100, 48, 85, 15, 57,  0, 25, 29,  0, 84, 11, 65, 30, 38,  9, 6
100,100, 74, 88, 46, 69, 22, 47,  0, 24,  3,  0, 36, 11,  7, 23, 6
100, 97, 76,100, 29, 72,  0, 39, 15,  8, 95,  0, 78, 22,  0, 16, 6
100,100, 64, 87, 28, 59,  0, 30,  7,  0, 72,  3, 76, 31, 20, 49, 6
 79, 90, 68,100, 29, 67,  0, 34,  2,  0, 95,  0,100, 27,  5, 20, 6
100,100, 56, 87, 24, 59,  5, 27, 29,  0, 79,  9, 38, 24,  0,  2, 6
 98,100, 56, 80, 23, 48, 10,  9, 58,  0,100, 18, 49, 22,  0,  8, 6
 65, 84, 40,100,  7, 68,  0, 31, 34,  0,100,  8, 64, 24, 11,  3, 6
100,100, 73, 96, 45, 68, 28, 37, 27,  4, 76,  0, 58, 24,  0, 22, 6
 97,100, 43, 77, 13, 42,  7,  2, 68,  0,100, 34, 43, 36,  0,  5, 6
 82,100, 39, 78, 17, 48, 19, 17, 66,  0,100, 21, 44, 31,  0, 13, 6
100,100, 47, 88, 18, 55, 16, 18, 57,  0, 95, 29, 51, 38,  0, 16, 6
100,100, 68, 96, 37, 75, 14, 51,  0, 22, 21,  0, 54, 10, 15, 18, 6
 93,100, 58, 79, 28, 50,  8, 18, 47,  0,100, 14, 58, 25,  0, 19, 6
100,100, 66, 95, 27, 65,  0, 29, 25,  0, 77, 12, 70, 43, 16, 44, 6
 81,100, 55, 92, 17, 61,  3, 26, 41,  0,100, 14, 65, 44,  0, 60, 6
100,100, 71, 94, 38, 70, 11, 42,  0, 13, 40,  0, 51, 26,  5, 23, 6
 62,100, 26, 74, 15, 43,  8, 12, 57,  0,100, 19, 52, 35,  0, 23, 6
 71,100, 50, 87, 32, 50, 32, 11, 76,  0,100, 32, 51, 49,  0, 41, 6
 60,100, 33, 83,  0, 49,  8, 11, 68,  0,100, 30, 48, 38, 32,  5, 6
100,100, 69, 96, 38, 66, 14, 33, 19,  0, 68,  3, 52, 32,  0, 25, 6
100, 94, 58,100, 15, 70,  0, 34, 28,  1, 97,  0, 91, 28, 31, 21, 6
100,100, 56, 78, 24, 53,  0, 27, 11,  0, 74,  3, 56, 23,  6, 14, 6
100,100, 63, 90, 26, 63,  2, 33,  0,  0, 54,  1, 60, 31,  7, 30, 6
100,100, 54, 80, 21, 50, 14, 13, 61,  0,100, 19, 48, 22,  0,  8, 6
 90,100, 55, 76, 28, 46, 12, 14, 51,  0,100, 19, 49, 20,  0,  2, 6
100,100, 62, 89, 23, 61,  0, 29, 20,  0, 91,  7, 84, 33, 11, 31, 6
100,100, 66, 80, 41, 56, 23, 29, 18,  0, 54,  0, 38, 18,  0, 12, 6
100,100, 46, 91, 14, 64,  0, 32,  8,  0, 62,  0, 55, 27,  6, 27, 6
 97,100, 57, 82, 24, 51,  0, 20, 32,  0,100, 12, 91, 42, 25, 56, 6
100,100, 45, 85,  9, 58,  0, 23, 44,  0, 99, 11, 84, 40, 26, 47, 6
 73,100, 31, 79,  4, 48,  0, 15, 49,  0,100, 14, 66, 33, 10, 28, 6
 54,100, 29, 87,  6, 55,  0, 23, 48,  0,100, 21, 40, 35, 12, 17, 6
 75,100, 35, 82,  2, 53,  0, 21, 44,  0,100,  8, 68, 31, 16, 21, 6
 81,100, 33, 88,  0, 50, 11,  9, 77,  6,100, 42, 37, 33, 10,  0, 6
100,100, 56, 83, 28, 56, 10, 28, 21,  0, 69,  6, 52, 28,  0, 23, 6
100, 99, 59,100, 27, 72,  6, 40,  0,  6, 43,  0, 55, 29,  6, 15, 6
100,100, 54, 92, 19, 67,  0, 35, 22,  6, 71,  0, 89, 25, 48, 46, 6
100,100, 61, 91, 30, 70,  7, 41, 11,  7, 48,  0, 39, 20,  0, 22, 6
 75,100, 40, 90, 11, 59,  0, 27, 32,  0, 98,  5,100, 28, 38, 16, 6
 73,100, 35, 93,  6, 61,  0, 25, 42,  0,100, 18, 72, 42, 19, 21, 6
100,100, 57, 81, 23, 58,  0, 35,  7,  9, 61,  0, 68, 20, 20, 22, 6
 96, 98, 83,100, 47, 68, 26, 32, 49,  0,100, 18, 53, 39,  0, 27, 6
 41,100,  6, 89,  0, 57, 12, 25, 54,  4,100, 24, 55, 25, 17,  0, 6
100,100, 74, 85, 34, 59,  0, 31,  7,  1, 68,  0, 60, 18,  0, 18, 6
100,100, 58, 81, 27, 56,  1, 28,  0,  0, 53,  5, 53, 30,  0, 27, 6
 97, 89, 68,100, 32, 68, 13, 32, 39,  0,100, 10, 46, 26,  0, 10, 6
100,100, 54, 88, 22, 64,  0, 35,  6,  7, 57,  0, 65, 21, 14, 21, 6
 92,100, 57, 80, 21, 53,  0, 22, 37,  0,100, 14, 76, 37,  7, 32, 6
100,100, 59, 83, 24, 57,  0, 29, 12,  1, 73,  0, 62, 26,  7, 43, 6
100,100, 52, 79, 18, 54,  0, 25, 28,  0, 85,  9, 66, 34,  3, 39, 6
 53,100, 27, 90,  6, 55,  0, 20, 46,  0,100, 16, 53, 34,  6, 19, 6
 89,100, 43, 93,  3, 58,  0, 15, 57,  2,100, 29, 43, 35, 24,  0, 6
 57,100, 33, 94,  8, 59,  3, 22, 48,  0,100, 15, 57, 32,  0, 19, 6
 65,100, 45, 90, 14, 57,  0, 23, 43,  0,100, 16, 80, 45, 35, 27, 6
 72,100, 43, 74, 19, 48,  4, 20, 36,  0,100, 16, 58, 28,  0, 10, 6
100,100, 53, 92, 20, 64, 11, 29, 38,  0, 85,  8, 55, 32,  0, 29, 6
 91,100, 48, 79, 23, 50, 18, 18, 62,  0,100, 18, 55, 38,  0, 34, 6
 76,100, 36, 75, 10, 47,  0, 17, 43,  0,100, 12, 63, 31,  3, 23, 6
100,100, 49, 86, 17, 59,  0, 28, 18,  0, 76,  6, 61, 29,  7, 17, 6
 86,100, 37, 91,  7, 60,  0, 27, 36,  0,100,  5, 83, 31, 20, 25, 6
100,100, 58, 93, 25, 70,  6, 43,  0, 16, 37,  0, 60, 23, 18, 37, 6
100, 93, 64,100, 30, 72, 10, 42, 12, 11, 72,  0, 66, 24,  0, 14, 6
100,100, 44, 81, 11, 53,  0, 22, 42,  0, 95, 21, 56, 40,  2, 18, 6
 71,100, 27, 75,  6, 39, 21,  3, 77,  0,100, 31, 51, 52,  0, 38, 6
100,100, 54, 87, 20, 60,  4, 27, 27,  0, 71, 16, 53, 44,  0, 45, 6
 65,100, 56,100, 17, 67,  0, 31, 36,  0,100,  6, 73, 38, 10, 55, 6
 67,100, 24, 78,  0, 49,  0, 19, 44,  0,100, 10, 65, 28, 10, 18, 6
100,100, 44, 80, 11, 47,  0, 11, 56,  0,100, 30, 55, 44,  0, 19, 6
 97,100, 65, 82, 33, 53, 15, 20, 54,  0,100, 19, 58, 39,  0, 35, 6
 98,100, 51, 77, 21, 49,  7, 18, 49,  0,100, 16, 42, 23,  0,  1, 6
 72,100, 32, 76,  5, 47,  0, 15, 47,  0,100, 12, 59, 24,  3, 17, 6
100,100, 63, 79, 35, 57, 12, 34,  4,  9, 44,  0, 60, 21,  0, 20, 6
 92,100, 46, 82,  8, 48,  0, 11, 70,  0,100, 32, 26, 32, 14,  2, 6
100,100, 62, 89, 28, 64,  1, 34,  0,  0, 43,  2, 45, 32,  5, 23, 6
 46,100,  9, 78,  0, 51,  4, 24, 37,  0,100,  7, 67, 24, 22,  6, 6
100,100, 62, 90, 31, 61, 12, 28, 33,  0, 78, 13, 44, 27,  0, 10, 6
 72,100, 26, 94,  0, 62,  0, 28, 38,  0,100,  4, 67, 24, 21,  1, 6
100,100, 56, 80, 26, 55,  1, 27, 11,  0, 69,  4, 50, 19,  0, 14, 6
 80,100, 27, 78,  0, 42, 21,  6, 99,  8,100, 37, 19, 30, 10,  0, 6
 80,100, 28, 96,  0, 63,  3, 26, 45,  0,100,  5, 57, 24,  1, 12, 6
 90,100, 52, 82, 22, 54,  0, 24, 24,  0, 82,  5,100, 23, 42, 22, 6
100,100, 67, 99, 26, 68,  0, 34, 15,  0, 88, 10, 60, 31, 26,  4, 6
100,100, 68, 78, 39, 55, 14, 32,  0,  5, 34,  0, 57, 23, 15, 19, 6
100, 91, 96,100, 50, 70,  9, 40,  0,  6, 76,  0, 93, 26, 28, 21, 6
 97,100, 49, 92, 15, 65,  0, 35, 15,  6, 74,  0,100, 23, 45, 29, 6
 75,100, 32, 76,  9, 50,  0, 22, 37,  0,100, 15, 89, 40, 39, 22, 6
100,100, 80,100, 38, 71, 11, 34, 31,  0, 81, 12, 53, 45,  0, 45, 6
100,100, 66, 90, 25, 59,  0, 24, 36,  0, 98, 12, 62, 34,  0, 26, 6
 72,100, 32, 80,  9, 49, 13, 16, 59,  0,100, 24, 59, 41,  0, 31, 6
 55,100, 18, 78,  0, 49,  5, 20, 46,  0,100, 12, 68, 29, 10, 22, 6
100,100, 61, 93, 33, 65, 15, 33, 25,  0, 64,  6, 44, 33,  0, 37, 6
100,100, 72, 90, 35, 66,  6, 38,  0,  8, 50,  0, 69, 19, 14, 22, 6
100,100, 56, 93, 23, 65,  0, 31, 18,  0, 65,  4, 61, 22, 17,  9, 6
100,100, 73, 92, 34, 69,  6, 42,  0, 12, 50,  0, 91, 17, 37, 23, 6
 62,100, 36, 92, 12, 57, 12, 19, 61,  0,100, 22, 51, 41,  0, 27, 6
 92,100, 37,100,  1, 68,  0, 29, 41,  0,100,  5, 67, 32,  8, 23, 6
100,100, 57, 78, 29, 51, 22, 19, 61,  0, 97, 21, 57, 40,  0, 35, 6
 48,100, 24, 75,  5, 40,  2,  5, 59,  0,100, 26, 43, 30,  0,  5, 6
100, 90, 95,100, 59, 70, 27, 38,  6,  5, 54,  0, 65, 27,  0, 18, 6
 81,100, 30, 80,  2, 52,  0, 21, 45,  0,100, 11, 72, 35, 21, 19, 6
 73,100, 48, 70, 23, 41, 21,  9, 69,  1,100, 22, 46, 17,  0,  0, 6
 88,100,100, 99, 52, 74, 14, 46,  0, 14, 57,  0, 84, 20, 18, 26, 6
100,100, 53,100, 14, 66,  0, 25, 41,  0, 95, 18, 66, 47,  9, 34, 6
 53,100, 35, 93,  6, 61,  0, 28, 36,  0, 96, 12,100, 42, 37, 28, 6
 92,100, 56, 78, 21, 50,  1, 18, 43,  0,100, 12, 60, 23,  0, 13, 6
 89, 90, 49,100, 14, 73, 11, 41, 49, 17,100, 28, 41, 24,  0,  0, 6
100,100, 46, 87,  8, 60,  0, 26, 33,  0, 85,  8, 64, 35,  8, 30, 6
 84,100, 35, 84,  5, 55,  0, 21, 44,  0,100,  7, 63, 18,  9,  7, 6
100,100, 57, 97, 19, 74,  0, 44,  9, 13, 56,  0, 63, 20, 10, 20, 6
100,100, 74, 97, 50, 66, 34, 30, 49,  0, 75, 18, 37, 24,  0, 15, 6
100,100, 53, 87, 24, 59,  2, 31,  0,  0, 50,  4, 62, 30, 12, 32, 6
 77,100, 25, 82,  3, 53,  0, 24, 43,  0,100, 16, 46, 28,  6,  4, 6
100,100, 47, 96, 10, 69,  0, 37, 32,  8, 88,  0, 84, 25, 26, 25, 6
 49,100, 14, 73,  0, 39, 10,  5, 64,  0,100, 25, 57, 44,  1, 38, 6
100, 86, 90,100, 49, 71, 16, 38, 15,  0, 68,  4, 53, 37,  0, 27, 6
100,100, 77, 94, 47, 71, 23, 43, 14, 12, 50,  0, 42, 20,  0, 29, 6
100, 85, 59,100, 17, 76,  0, 39, 20,  2, 68,  0, 49, 29,  1, 21, 6
100,100, 46, 88, 13, 61,  0, 32, 16,  4, 90,  0, 81, 20, 20,  3, 6
 62,100, 26, 78,  0, 45,  8,  9, 54,  0,100,  8, 62, 20, 17, 11, 6
 95,100, 74, 95, 27, 65,  0, 30, 32,  0,100, 11, 73, 45,  9, 64, 6
 69,100, 31, 77,  8, 53,  0, 27, 27,  3, 92,  0,100, 20, 39, 12, 6
100,100, 50, 85, 16, 58,  4, 25, 34,  0, 80, 15, 40, 27,  0,  6, 6
 95,100, 66, 81, 31, 52, 12, 18, 53,  0,100, 18, 56, 35,  0, 28, 6
 92,100, 45, 88, 19, 53, 20, 14, 69,  0,100, 31, 48, 37,  0, 13, 6
100,100, 49, 92, 15, 66,  0, 35, 12,  4, 63,  0, 57, 27,  1, 30, 6
100,100, 48, 84, 15, 53,  1, 19, 47,  0,100, 24, 60, 39,  0, 19, 6
 63,100, 43, 89, 15, 58, 10, 23, 50,  0,100, 18, 63, 43,  0, 50, 6
 74,100, 37, 86,  6, 56,  0, 22, 45,  0,100, 10, 55, 32,  0, 34, 6
 57,100, 22, 81,  4, 52,  0, 23, 36,  0,100,  9, 67, 27,  7, 15, 6
100, 96, 76,100, 43, 78, 16, 53,  0, 23, 20,  0, 51, 18, 12, 25, 6
 67,100, 35, 79, 17, 48, 24, 15, 70,  0,100, 21, 45, 21,  0,  3, 6
 60,100, 19, 76,  1, 45,  3, 13, 56,  0,100, 20, 44, 27,  0,  5, 6
 85,100, 80, 95, 37, 67,  2, 37,  0,  6, 76,  0,100, 25,  7, 25, 6
 85, 98, 39,100,  7, 60,  0, 16, 54,  0,100, 28, 40, 38,  5,  9, 6
100,100, 48, 89, 12, 65,  0, 38, 15, 12, 79,  0, 70, 26,  3, 23, 6
100,100, 47, 99, 10, 70,  0, 32, 32,  0, 88,  1, 75, 32, 16, 32, 6
 58,100, 17, 77,  0, 47,  8, 16, 57,  0,100, 21, 68, 42,  9, 37, 6
100,100, 60, 84, 29, 57, 11, 26, 35,  0, 83, 12, 53, 37,  0, 31, 6
 96,100, 49, 77, 16, 48,  0, 17, 42,  0,100, 15, 61, 32,  1, 20, 6
100,100, 55, 93, 23, 59, 11, 15, 53,  0, 77, 31, 41, 62,  0, 51, 6
 67,100, 25, 81,  0, 49,  0, 15, 51,  0,100, 20, 63, 40,  9, 26, 6
 84,100, 52, 74, 28, 46, 16, 17, 55,  0,100, 21, 61, 38,  0, 26, 6
100,100, 65, 90, 32, 67,  5, 40,  0,  8, 40,  0, 36, 27,  0, 20, 6
100,100, 59, 83, 31, 52, 20, 19, 52,  0, 91, 25, 48, 27,  0,  7, 6
 75,100, 44, 70, 23, 34, 47,  4,100,  6, 89, 29, 36, 26,  0,  0, 6
100,100, 49, 97, 15, 65,  0, 28, 33,  0, 85, 17, 62, 39, 20, 12, 6
 82,100, 30, 90,  0, 59,  0, 25, 45,  0,100, 15, 71, 40, 10, 33, 6
100, 97, 88,100, 53, 70, 25, 36, 17,  0, 69, 10, 58, 39,  0, 29, 6
 63,100, 36, 83,  9, 49,  0, 13, 57,  0,100, 27, 51, 42, 14, 14, 6
 66,100, 37, 93,  9, 62,  0, 30, 29,  0,100,  1, 91, 23, 22, 13, 6
100,100, 59, 86, 28, 58,  9, 28, 34,  0, 91,  9, 53, 23,  0,  9, 6
 72,100, 31, 77,  4, 50,  0, 21, 40,  0,100,  5, 88, 28, 28, 36, 6
100,100, 47, 82, 13, 57,  0, 31,  8,  6, 92,  0, 97, 20,  5, 27, 6
100,100, 56, 88, 22, 60,  0, 25, 28,  0, 73, 13, 48, 40,  2, 41, 6
100,100, 62, 87, 21, 60,  0, 27, 31,  0, 93,  7, 87, 37, 32, 55, 6
 78,100, 29, 92,  4, 55,  0, 16, 54,  0,100, 29, 44, 33,  3,  2, 6
100,100, 62, 86, 43, 56, 42, 25, 71,  0, 91, 23, 51, 40,  0, 34, 6
 94,100, 52, 78, 24, 50, 13, 21, 47,  0,100, 15, 53, 30,  0, 18, 6
 58,100, 21, 80,  0, 48,  9, 14, 56,  0,100, 16, 64, 27, 25,  8, 6
100,100, 57, 83, 24, 57,  3, 27, 25,  0, 78,  6, 54, 23,  0, 17, 6
100, 99, 65,100, 33, 77, 11, 51,  0, 22, 21,  0, 52, 19, 11, 20, 6
 95,100, 64, 81, 36, 49, 27, 12, 75,  0,100, 27, 51, 41,  0, 28, 6
100,100, 54, 83, 20, 55,  0, 24, 34,  0, 92, 12, 79, 38, 16, 46, 6
100,100, 58, 81, 24, 56,  0, 28, 11,  0, 64,  3, 62, 25,  7, 25, 6
 88, 95,100,100, 49, 73, 12, 42, 19, 10, 97,  0, 85, 18,  0, 17, 6
 93,100, 46, 78, 13, 51,  0, 21, 38,  0,100,  8, 78, 28, 15, 22, 6
100,100, 48, 80, 17, 54,  0, 26, 25,  0, 96,  4, 84, 23, 19, 12, 6
100,100, 55, 82, 22, 55,  0, 27, 11,  0, 95, 11, 85, 35,  9, 21, 6
 61,100, 22, 71,  9, 34, 33,  0, 88,  4,100, 37, 50, 50,  0, 30, 6
 78,100, 47, 78, 19, 49,  8, 18, 48,  0,100, 15, 62, 35,  0, 34, 6
 89,100, 35, 79, 11, 52,  0, 25, 19,  0, 97,  1,100, 23, 22, 21, 6
100,100, 58, 86, 23, 57,  1, 24, 30,  0, 90, 13, 64, 40,  0, 42, 6
100,100, 53, 79, 19, 54, 11, 24, 45,  0, 98,  8, 51, 21,  0,  7, 6
 84,100, 38, 77,  8, 50,  0, 22, 40,  0,100,  9, 54, 25,  2, 13, 6
 48,100, 39, 89, 14, 56, 12, 19, 57,  0,100, 17, 52, 30,  0, 15, 6
 78,100, 33, 82, 12, 49, 14, 12, 60,  0,100, 26, 50, 32,  0, 13, 6
100, 99, 89,100, 46, 75, 15, 48,  0, 20, 43,  0, 96, 10, 24, 22, 6
 76,100, 28, 96,  0, 66,  2, 32, 45,  9,100, 17, 53, 26, 19,  0, 6
 69,100, 31, 77,  7, 50,  0, 23, 31,  0,100,  2, 94, 24, 33, 21, 6
 73,100, 27, 84,  1, 51,  0, 15, 47,  0,100,  4, 82, 19, 34, 10, 6
 91,100, 36, 85,  3, 56,  0, 22, 45,  0,100,  9, 60, 25, 18,  2, 6
 83,100, 49, 77, 19, 49,  3, 20, 39,  0,100, 12, 65, 31,  0, 26, 6
100,100, 64, 97, 36, 70, 13, 41,  9, 11, 52,  0, 51, 17,  0, 15, 6
100,100, 56, 78, 22, 52,  0, 24, 23,  0, 79, 11, 69, 29, 18, 13, 6
 70,100, 45, 91, 11, 60,  0, 23, 42,  0,100,  4, 86, 32, 31, 27, 6
100,100, 61, 91, 27, 68,  0, 39,  0,  2, 40,  0, 54, 27, 15, 20, 6
 78,100, 62, 97, 36, 63, 29, 24, 65,  0,100, 23, 52, 37,  0, 26, 6
100,100, 57, 97, 21, 66,  0, 32, 17,  0, 85,  3, 64, 23,  4,  3, 6
100,100, 49, 92, 19, 64, 12, 31, 39,  3, 91,  0, 56, 22,  0, 24, 6
 92,100, 36, 87,  0, 51,  8, 11, 82,  7,100, 40, 27, 36, 10,  0, 6
 79,100, 38, 76,  8, 49,  1, 19, 47,  0,100,  9, 47, 21,  0,  8, 6
100,100, 48,100,  9, 68,  0, 31, 35,  0,100,  1, 76, 29, 19, 15, 6
 55,100, 17, 76,  0, 50,  3, 22, 41,  0,100, 10, 62, 24, 10,  8, 6
100, 99, 72,100, 54, 71, 44, 41, 42, 10, 69,  0, 47, 25,  0, 29, 6
 74,100, 28, 78,  0, 52,  0, 24, 37,  0,100,  6, 76, 26, 13, 19, 6
 83,100, 34, 79,  8, 52,  0, 23, 37,  0,100, 12, 93, 38, 28, 33, 6
100,100, 85, 86, 60, 62, 41, 36, 29,  9, 58,  0, 46, 21,  0, 21, 6
 71, 96, 32,100,  0, 58,  5, 15, 71,  1,100, 42, 30, 41, 10,  0, 6
 70,100, 23, 82,  0, 51,  8, 18, 71,  1,100, 28, 29, 29, 11,  0, 6
 56,100, 46, 99, 14, 66,  0, 31, 36,  0,100,  9, 58, 24, 32,  2, 6
 95,100, 59, 80, 27, 51, 11, 20, 48,  0,100, 15, 57, 31,  0, 19, 6
 49,100, 16, 79,  0, 49,  5, 18, 49,  0,100,  4, 59, 24, 24, 19, 6
 50,100, 20, 75,  2, 46,  0, 17, 43,  0,100, 10, 73, 32, 16, 24, 6
100,100, 57, 91, 22, 62,  0, 31, 18,  1,100,  0, 85, 22, 10,  7, 6
100,100, 62, 76, 34, 49, 19, 20, 55,  0,100, 16, 58, 34,  0, 32, 6
100,100, 58, 89, 34, 55, 25, 18, 58,  0, 79, 32, 39, 48,  0, 27, 6
100,100, 62, 88, 26, 61,  0, 30, 14,  0, 68,  2, 63, 23, 12, 13, 6
 94,100, 35, 94,  3, 58,  0, 21, 74, 14,100, 43, 21, 34, 19,  0, 6
100,100, 59, 90, 29, 62,  4, 31, 15,  0, 64, 10, 52, 37,  0, 29, 6
 69,100, 27, 87,  1, 57,  0, 25, 35,  1, 91,  0,100, 21, 45, 27, 6
 87,100, 45, 83, 14, 54,  0, 21, 42,  0,100,  8, 77, 31, 18, 29, 6
 72, 86, 42,100,  4, 67,  0, 27, 45,  1,100, 14, 57, 27, 12,  0, 6
100,100, 72, 90, 41, 62, 12, 31,  9,  0, 57, 10, 47, 33,  0, 23, 6
100,100, 53, 93, 22, 60, 14, 21, 58,  0, 97, 26, 58, 54,  0, 50, 6
 98,100, 64, 86, 38, 54, 31, 20, 72,  0,100, 26, 51, 39,  0, 24, 6
100,100, 58, 78, 25, 53,  8, 24, 31,  0, 82, 13, 45, 31,  0, 14, 6
 69,100, 38, 82, 13, 54,  7, 24, 41,  0,100,  4, 57, 16,  0,  8, 6
 86,100, 36, 80,  1, 49,  0, 14, 56,  0,100, 23, 51, 37,  2, 16, 6
100, 95, 46,100,  9, 71,  0, 37, 21,  3, 80,  0, 67, 29,  3, 31, 6
100,100, 53, 99, 15, 61, 10, 16, 66,  0, 99, 32, 42, 45,  0, 20, 6
 55,100, 20, 75,  0, 48,  0, 19, 41,  0,100,  8, 78, 30, 27, 25, 6
 67,100, 27, 75,  0, 44, 15, 11, 73,  3,100, 25, 40, 25,  3,  0, 6
100,100, 75, 90, 44, 67, 19, 41,  0, 13, 26,  0, 49, 18,  2, 18, 6
 75,100, 30, 89,  1, 51,  0,  9, 57,  0,100, 27, 45, 39, 10, 11, 6
 96,100, 44, 85, 14, 53,  7, 18, 57,  0,100, 19, 57, 40,  0, 28, 6
 59,100, 20, 78,  0, 46,  8, 13, 66,  0,100, 23, 46, 36, 14, 14, 6
100,100, 53, 89, 17, 60,  4, 28, 33,  0, 90, 18, 60, 42,  0, 22, 6
 27,100,  8, 70,  0, 40, 14,  9, 65,  0,100, 22, 62, 42, 14, 33, 6
 52,100, 18, 76,  0, 46,  9, 17, 61, 19,100, 38, 54, 22, 18,  0, 6
 81,100, 39, 77, 17, 42, 22,  5, 78,  0,100, 31, 45, 46,  0, 27, 6
 89,100, 34, 81,  9, 54,  0, 25, 26,  0, 98,  6,100, 26, 32, 25, 6
 60,100, 35, 75,  8, 47,  0, 17, 46,  0,100, 12, 70, 26, 25,  6, 6
 95,100, 50, 82, 19, 58,  0, 31, 18,  6, 73,  0,100, 14, 44, 12, 6
100,100, 56, 82, 27, 55,  6, 27, 20,  0, 91, 10, 69, 30,  0, 22, 6
100,100, 61, 96, 33, 73, 11, 48,  0, 21, 24,  0, 59, 15, 17, 22, 6
100,100, 60, 86, 26, 58,  0, 28, 16,  0, 73,  9, 56, 31,  3, 16, 6
100,100, 53, 91, 16, 58,  0, 20, 49,  0, 99, 24, 64, 56,  5, 53, 6
 70,100, 45, 86, 11, 53,  0, 15, 57,  0,100, 26, 67, 57,  0, 67, 6
 79,100, 42, 81, 10, 54,  0, 26, 24,  0,100,  5, 88, 31,  8, 40, 6
100,100, 69, 89, 46, 60, 27, 30, 32,  0, 68, 18, 40, 35,  0, 18, 6
100,100, 69, 91, 43, 72, 18, 49,  0, 22, 16,  0, 34, 11,  3, 10, 6
 51, 88, 41,100, 10, 63, 10, 20, 57,  0,100, 26, 53, 42,  0, 26, 6
100,100, 81, 99, 48, 74, 19, 47,  0, 15, 30,  0, 51, 25,  8, 29, 6
 60,100, 28, 88,  7, 59,  0, 28, 33,  2,100,  0, 87, 15, 22,  4, 6
 53,100, 26, 69,  9, 34, 18,  0, 79,  2,100, 32, 38, 28,  0,  1, 6
100,100, 67, 96, 29, 67,  0, 33, 15,  0, 70,  1, 71, 18, 19, 10, 6
100,100, 57, 97, 21, 68,  0, 37, 10,  6, 78,  0, 82, 23,  9, 19, 6
 48,100, 28, 94, 14, 62, 10, 29, 35,  0,100, 18, 53, 31,  0,  8, 6
100,100, 59, 90, 20, 62,  0, 31, 15,  0, 78,  1, 78, 29, 12, 21, 6
 74,100, 32, 78, 13, 39, 15,  0, 71,  6,100, 41, 47, 42,  0, 16, 6
100,100, 73, 83, 32, 59,  4, 33,  0,  4, 66,  0, 88, 18, 20, 18, 6
 68,100, 55, 83, 27, 56,  0, 27, 14,  0,100,  2, 73, 27, 52, 11, 6
100,100, 64, 87, 36, 66, 14, 44,  0, 20, 23,  0, 57, 10, 24, 20, 6
100,100, 54, 84, 18, 58,  0, 27, 24,  0, 78,  1, 62, 29,  6, 34, 6
100,100, 68, 81, 40, 57, 20, 28, 24,  0, 59, 10, 36, 25,  0, 14, 6
100,100, 43, 89,  7, 61,  0, 28, 31,  0, 87,  8, 71, 38, 11, 45, 6
100,100, 67, 92, 37, 69, 13, 43,  0, 14, 30,  0, 51, 21, 11, 20, 6
 63,100, 28, 79,  4, 51,  0, 21, 37,  0,100,  9, 68, 27,  7, 19, 6
 82,100, 64, 75, 16, 46,  0, 13, 73,  1,100, 20, 27, 27, 47,  0, 6
 89,100, 52, 90, 21, 62,  0, 30, 19,  2, 77,  0,100, 19, 42, 19, 6
 66,100, 35, 69, 23, 33, 43,  0, 98,  1,100, 32, 43, 37,  0, 18, 6
100,100, 70, 92, 37, 65,  8, 36,  1,  4, 52,  0, 54, 20,  0, 15, 6
 74,100, 26, 78,  0, 48,  2, 16, 56,  0,100, 20, 56, 40,  9, 25, 6
 63,100, 32, 73, 11, 45,  0, 14, 45,  0,100, 10, 68, 19, 13, 10, 6
100,100, 54, 84, 18, 59,  0, 29, 21,  1, 75,  0, 92, 27, 51, 48, 6
 55,100, 27, 94,  5, 56,  8, 18, 59,  0,100, 23, 45, 31,  0,  8, 6
 52,100, 32, 83, 11, 53,  0, 21, 37,  0,100, 14, 48, 22,  5,  1, 6
100,100, 61, 85, 25, 58,  0, 28, 23,  0, 77,  9, 85, 39, 30, 50, 6
100, 88, 79,100, 42, 74, 15, 41, 27,  8, 78,  0, 48, 17,  0, 18, 6
100,100, 55, 81, 22, 56,  0, 25, 25,  0, 74, 12, 58, 39,  8, 40, 6
100,100, 56, 80, 23, 54,  0, 25, 19,  0, 77,  5, 70, 22, 11, 16, 6
100,100, 55, 94, 19, 70,  0, 36, 12,  3, 57,  0, 66, 30, 20, 35, 6
 80,100, 29, 84,  0, 47,  7,  8, 79,  7,100, 41, 30, 35, 20,  0, 6
 86,100, 39, 87, 12, 57,  0, 26, 31,  0,100,  8, 61, 21,  2,  6, 6
100,100, 61, 84, 24, 57,  0, 26, 25,  0, 80, 13, 62, 40, 13, 33, 6
 97,100, 54, 83,  0, 48,  3, 10, 84,  0,100, 39, 14, 51,  8, 18, 6
 49,100, 17, 71,  0, 39, 11,  7, 66,  0,100, 24, 48, 33, 21,  8, 6
 90,100, 53, 76, 29, 46, 26, 13, 67,  0,100, 24, 51, 37,  0, 28, 6
 71,100, 34, 74, 11, 42, 24,  9, 76,  0,100, 22, 45, 24,  0,  6, 6
100,100, 52, 87, 19, 61,  0, 30, 12,  0, 63,  4, 49, 24,  0, 14, 6
100, 94, 73,100, 40, 74, 13, 46,  0, 12, 38,  0, 67, 22, 20, 28, 6
100,100, 48, 96, 15, 64,  0, 31, 25,  0, 95,  8, 94, 38, 25, 31, 6
 73,100, 26, 78,  5, 43, 13,  8, 69,  0,100, 31, 44, 36,  0,  9, 6
100,100, 53, 93, 14, 66,  0, 32, 16,  0, 73,  4, 76, 36, 19, 37, 6
 59,100, 20, 79,  0, 50,  2, 20, 43,  0,100,  7, 69, 22, 12, 12, 6
100,100, 55, 81, 24, 50,  9, 15, 54,  0, 87, 24, 43, 41,  0, 31, 6
100,100, 56, 92, 22, 66,  0, 34,  8,  0, 56,  0, 71, 29, 25, 40, 6
 78,100, 30, 74,  5, 44,  0, 13, 60,  0,100, 26, 48, 39,  2, 15, 6
 22,100,  8, 72,  0, 41,  5, 10, 57,  0,100, 21, 51, 33,  6, 13, 6
100,100, 72, 92, 35, 64,  5, 33,  0,  0, 53,  3, 79, 28, 24, 36, 6
 85,100, 37, 79, 13, 47, 14, 14, 67,  0,100, 26, 51, 40,  0, 21, 6
 63,100, 29, 83, 10, 50, 19, 16, 67,  0,100, 19, 48, 31,  0, 19, 6
100,100, 55, 79, 22, 55,  0, 27, 14,  0, 61, 13, 53, 39,  2, 37, 6
100,100, 72, 88, 52, 60, 34, 31, 32,  0, 75,  4, 51, 25,  0, 24, 6
 95,100, 46, 80, 13, 53,  0, 25, 28,  0,100, 10, 62, 32,  8, 18, 6
100,100, 54, 80, 24, 55,  0, 28,  0,  0, 57,  1, 61, 22,  0, 15, 6
 45,100, 42, 79, 11, 45,  0,  7, 62,  0,100, 23, 41, 35, 33, 11, 6
 72,100, 27, 81,  0, 47,  6,  9, 56,  0,100, 19, 63, 30, 16, 14, 6
 78, 80, 48,100, 11, 66,  0, 27, 43,  0,100, 19, 42, 36,  6, 18, 6
100,100, 62, 86, 35, 55, 22, 19, 55,  0, 85, 27, 47, 48,  0, 40, 6
100,100, 52, 87, 17, 60,  0, 29, 17,  0, 71,  4, 58, 29,  0, 30, 6
 83,100, 41, 73, 11, 42,  2,  8, 59,  0,100, 25, 43, 28,  0,  7, 6
 97, 90, 67,100, 26, 71,  0, 39,  4,  6, 74,  0,100, 26, 27, 18, 6
 63,100, 21, 81,  0, 51,  7, 19, 56,  0,100, 17, 54, 33,  0, 19, 6
100,100, 70, 81, 38, 56, 14, 27, 32,  0, 86,  7, 53, 22,  0, 16, 6
 76,100, 37, 76,  8, 50,  0, 21, 41,  0,100,  8, 95, 29, 34, 21, 6
100, 88, 62,100, 23, 85,  0, 54,  4, 18, 39,  0, 58, 26, 18, 32, 6
100,100, 64, 93, 36, 67, 14, 36, 11,  0, 48,  4, 34, 19,  0,  3, 6
 37,100, 28, 83, 10, 47, 16, 11, 66,  0,100, 23, 51, 35,  0, 23, 6
 72,100, 22, 84,  0, 54,  5, 21, 50,  0,100, 15, 75, 42, 21, 34, 6
 93,100, 52, 91, 23, 57, 11, 20, 60,  0,100, 29, 41, 30,  0,  0, 6
 75,100, 31, 90,  3, 59,  0, 25, 39,  0,100, 14, 75, 39, 11, 29, 6
100, 87, 96,100, 49, 73, 11, 44,  0, 10, 60,  0, 73, 27, 16, 27, 6
100,100, 54, 90, 22, 61,  0, 31,  3,  0, 58,  6, 62, 35,  4, 33, 6
100,100, 73, 94, 48, 66, 30, 35, 35,  2, 74,  0, 44, 15,  0, 14, 6
 91,100, 38, 97,  6, 65,  0, 28, 44,  3,100, 15, 50, 24,  3,  0, 6
100,100, 65, 75, 36, 47, 20, 17, 51,  0, 96, 21, 54, 34,  0, 22, 6
 85,100, 43, 76, 11, 48,  0, 17, 44,  0,100, 10, 59, 20,  1, 10, 6
100,100, 57, 91, 22, 66,  0, 36, 10,  5, 56,  0, 65, 31, 27, 51, 6
 47,100, 21, 78,  0, 42, 26,  8, 94,  4,100, 32, 34, 28, 28,  0, 6
100,100, 68, 79, 45, 57, 28, 34, 22, 11, 72,  0, 62, 18,  0, 20, 6
 60,100, 15, 85,  0, 50, 10, 17, 57,  0,100, 18, 69, 43, 20, 31, 6
 79,100, 46, 82, 13, 52,  0, 18, 48,  0,100, 18, 58, 37,  0, 27, 6
 92,100, 83, 89, 37, 59,  0, 27, 30,  0,100,  8, 90, 30, 20, 23, 6
100,100, 85, 97, 65, 65, 49, 33, 46,  0, 86, 10, 47, 24,  0, 19, 6
100,100, 66, 86, 41, 58, 24, 29, 27,  0, 79,  2, 56, 21,  0, 26, 6
 63, 93, 69,100, 38, 67, 16, 31, 43,  4,100, 22, 48, 25,  0,  0, 6
 89,100, 38, 85,  8, 54,  0, 20, 45,  0,100, 12, 88, 40, 29, 39, 6
 31,100, 32, 94,  1, 56,  0, 13, 53,  0,100, 21, 56, 37,  5, 18, 6
 90,100, 53, 73, 19, 46,  0, 16, 41,  0,100,  8, 81, 26, 20, 29, 6
 95,100, 57, 84, 33, 50, 22, 12, 66,  0,100, 24, 47, 22,  0,  6, 6
 77,100, 28, 80,  4, 52,  2, 23, 44,  0,100, 11, 51, 28,  0, 14, 6
100,100, 49, 88, 20, 56,  7, 19, 46,  0, 95, 17, 51, 22,  0,  7, 6
 55,100, 22, 77,  2, 47,  0, 16, 46,  0,100, 10, 80, 30, 31, 16, 6
 90,100, 39, 78,  4, 49,  0, 18, 59,  0,100, 24, 41, 39, 10, 13, 6
 56,100, 24, 73,  0, 37,  8,  2, 74,  5,100, 36, 41, 34, 27,  0, 6
100,100, 66, 90, 26, 66,  0, 40,  4, 12, 62,  0, 80, 19, 10, 16, 6
100,100, 64, 81, 39, 55, 24, 26, 37,  0, 76, 11, 41, 24,  0, 10, 6
 95,100, 56, 93, 18, 62,  0, 27, 37,  0,100,  8, 74, 32, 15, 16, 6
 84,100, 53, 78, 18, 50,  0, 20, 39,  0,100, 14, 70, 37,  3, 34, 6
 16,100,  0, 57, 55, 55, 44,  0, 12, 17,  6, 77, 45, 98,100,100, 6
 46,100, 19, 77,  0, 49,  0, 20, 42,  0,100,  7, 77, 28, 27, 17, 6
 51,100, 24, 83,  6, 54,  0, 25, 31,  0,100, 15, 57, 32, 10, 11, 6
 53,100, 36, 91, 15, 55, 10, 17, 61,  0,100, 21, 59, 50,  0, 61, 6
100,100, 56, 80, 23, 55,  0, 26, 22,  0, 76,  4, 62, 23, 10, 13, 6
 61,100, 28, 73, 11, 44, 19, 12, 70,  0,100, 22, 49, 36,  0, 21, 6
100,100, 55, 96, 20, 66,  0, 32, 16,  0, 79,  2, 68, 27,  9, 13, 6
100,100, 39, 90,  1, 59,  0, 22, 46,  0, 93, 22, 54, 46,  0, 26, 6
 73,100, 23, 83,  3, 53,  0, 22, 42,  0,100, 14, 53, 32,  9, 13, 6
100,100, 71, 87, 45, 65, 21, 41,  4, 16, 34,  0, 53, 16,  0, 22, 6
 40,100, 21, 89,  0, 55, 10, 18, 55,  0,100, 15, 56, 27, 26,  1, 6
 50,100, 18, 76,  2, 48,  0, 20, 40,  0,100,  7, 68, 28,  0, 27, 6
100,100, 55, 86, 18, 60,  0, 28, 26,  0, 79, 14, 63, 42, 10, 41, 6
 69,100, 27, 79,  3, 51,  8, 21, 51,  0,100,  3, 56, 22,  0, 28, 6
100,100, 52, 94, 22, 70,  1, 44,  0, 15, 39,  0, 70, 19, 29, 28, 6
 55,100, 21, 73,  7, 42, 17, 10, 66,  0,100, 24, 55, 40,  0, 32, 6
 55,100, 16, 89,  0, 59,  4, 28, 34,  0,100,  1, 90, 25, 32, 10, 6
100, 84, 92,100, 40, 74,  1, 40,  6,  0, 67,  3, 58, 39,  0, 43, 6
100,100, 72, 83, 46, 59, 29, 35, 20,  9, 62,  0, 60, 22,  0, 29, 6
100,100, 66, 99, 23, 69,  0, 35, 17,  1, 94,  0, 86, 30, 10, 29, 6
100,100, 58, 95, 20, 71,  0, 43,  7, 13, 58,  0, 97, 21, 54, 33, 6
100,100, 63, 93, 24, 64,  0, 30, 21,  0, 70, 18, 47, 46,  3, 33, 6
 81,100, 46, 75, 19, 49,  0, 22, 29,  0,100, 10, 97, 33, 20, 32, 6
100,100, 63, 99, 29, 74,  3, 43,  0,  6, 41,  0, 66, 22, 25, 31, 6
100,100, 48, 87, 13, 55,  4, 19, 50,  0, 94, 25, 49, 38,  0, 15, 6
100,100, 58, 90, 20, 60,  0, 27, 33,  0, 98,  8, 64, 21,  2,  8, 6
100,100, 54, 80, 25, 54,  0, 29,  0,  2, 75,  0, 89, 18, 19, 31, 6
100, 91, 85,100, 49, 78, 18, 52,  0, 23, 25,  0, 69,  9, 30, 20, 6
 89,100, 43, 93, 11, 60,  0, 24, 44,  0,100, 26, 66, 49,  4, 26, 6
 74,100, 51, 87, 25, 54, 18, 19, 62,  0,100, 21, 49, 37,  0, 26, 6
100, 94, 76,100, 44, 82, 18, 59,  0, 29,  6,  0, 41,  7, 22, 25, 6
100,100, 48, 88, 14, 60,  0, 28, 26,  0, 75, 11, 58, 42,  5, 49, 6
 63,100, 25, 80,  0, 48,  0, 12, 54,  0,100, 24, 70, 43, 21, 20, 6
 69,100, 35, 94, 12, 59,  9, 23, 55,  0,100, 20, 38, 28,  0,  2, 6
100,100, 76, 77, 55, 54, 35, 29, 31,  2, 67,  0, 41, 18,  0, 22, 6
100, 81, 52,100,  6, 75,  0, 39, 31,  6, 90,  0, 68, 30, 10, 19, 6
 55,100, 22, 90,  0, 54, 12, 16, 58,  4,100, 20, 56, 25, 18,  0, 6
 77,100, 55, 75, 40, 48, 36, 21, 64,  0,100, 16, 49, 21,  0, 10, 6
100,100, 55, 79, 19, 53,  0, 25, 26,  0, 89,  8, 75, 34,  7, 37, 6
100,100, 48, 97, 12, 68,  0, 33, 21,  0, 76,  0, 63, 27,  2, 27, 6
100,100, 46, 93, 11, 62,  0, 26, 42,  0, 96, 18, 55, 31, 35,  2, 6
 97,100, 48, 92, 15, 56,  4, 17, 63,  4,100, 34, 30, 34,  0,  0, 6
100,100, 61, 82, 30, 58,  6, 30,  0,  0, 44,  2, 43, 21,  2,  9, 6
 66,100, 28, 84,  8, 50, 14, 14, 61,  0,100, 21, 51, 36,  0, 28, 6
100,100, 46, 82, 13, 54,  0, 23, 38,  0, 99, 11, 68, 35,  1, 30, 6
 68,100, 23, 78,  2, 51,  0, 24, 32,  0,100,  8, 85, 30, 15, 24, 6
100,100, 46, 88, 23, 59, 12, 30, 28,  0, 96,  6, 77, 31,  0, 25, 6
100,100, 56, 93, 21, 63,  0, 31, 19,  0, 79,  6, 77, 37, 17, 29, 6
100,100, 42, 83, 21, 56, 18, 27, 34,  0,100,  0, 71, 18,  0,  7, 6
 78,100, 34, 79,  9, 52,  0, 24, 29,  0,100,  7, 76, 23, 13,  9, 6
100,100, 60, 94, 33, 62, 22, 29, 47,  0, 98, 12, 58, 35,  0, 27, 6
 75,100, 26, 87,  0, 51,  4, 13, 64,  0,100, 29, 37, 37, 15,  5, 6
100,100, 54, 79, 19, 52,  1, 22, 35,  0, 92,  9, 46, 26,  0, 12, 6
 53,100, 23, 75,  3, 48,  0, 20, 41,  0,100,  6, 67, 25,  8, 16, 6
 69,100, 71, 86, 12, 57,  0, 24, 69,  0,100, 30, 12, 39, 31, 12, 6
 99,100, 76, 84, 40, 56, 14, 24, 46,  0,100, 13, 57, 31,  0, 23, 6
100,100, 74, 92, 44, 63, 19, 32, 22,  0, 67,  6, 38, 24,  0,  5, 6
 85,100, 71,100, 25, 68,  0, 32, 31,  0,100, 16, 78, 49,  7, 67, 6
 51,100, 23, 74,  7, 34, 35,  0, 99,  6,100, 34, 34, 31,  0,  1, 6
100,100, 76, 97, 44, 70, 16, 40,  0,  6, 34,  0, 43, 31,  9, 32, 6
100,100, 67, 86, 26, 60,  0, 31, 16,  0, 71,  7, 65, 36,  5, 48, 6
100,100, 53, 80, 22, 50,  5, 16, 46,  0, 92, 19, 51, 33,  0, 19, 6
100,100, 59, 81, 29, 55,  4, 26, 11,  0, 60, 12, 51, 30,  0, 21, 6
 77,100, 42, 79, 14, 57,  0, 33, 16,  9, 77,  0,100, 17, 42, 21, 6
100,100, 68, 87, 40, 61, 12, 34,  0,  5, 42,  0, 59, 20,  8, 15, 6
100,100, 49, 93, 17, 64,  0, 31, 18,  0, 71,  5, 63, 32,  8, 27, 6
 57,100, 20, 77,  0, 49,  2, 19, 46,  0,100, 13, 83, 38, 35, 26, 6
 89,100, 52, 74, 30, 43, 19, 11, 63,  0,100, 23, 56, 44,  0, 41, 6
 60,100, 25, 76,  1, 49,  0, 21, 42,  0,100,  7, 62, 18,  5,  6, 6
 83,100, 35, 80,  9, 50,  4, 17, 53,  0,100, 21, 55, 31,  0, 15, 6
100,100, 76, 78, 53, 57, 33, 35, 24, 12, 59,  0, 53, 19,  0, 21, 6
100,100, 58, 83, 30, 56, 19, 25, 46,  0, 84, 16, 52, 40,  0, 46, 6
 89,100, 42, 84, 12, 53,  7, 20, 60,  0,100, 20, 50, 38,  0, 19, 6
 64,100, 45, 87,  6, 58,  0, 23, 49,  0,100, 21, 55, 43, 34, 22, 6
 71,100, 40, 70, 19, 35, 21,  0, 79,  4,100, 35, 42, 43,  0, 21, 6
100,100, 77, 81, 48, 56, 23, 30, 25,  3, 81,  0, 58, 22,  0, 28, 6
 97,100, 83, 95, 40, 69, 10, 42, 10, 14, 97,  0,100, 17,  0,  9, 6
 74,100, 28, 89,  2, 59,  1, 26, 41,  0,100, 10, 52, 26,  0,  6, 6
 64, 95, 54,100, 16, 67,  0, 30, 41,  0,100,  9, 43, 31, 38,  5, 6
 88,100, 38, 85, 18, 49, 19, 12, 65,  0,100, 28, 53, 46,  0, 31, 6
 46,100, 12, 72,  0, 38, 14,  5, 63,  0,100, 25, 54, 42,  1, 33, 6
 91,100, 52, 89, 24, 57, 13, 22, 57,  0,100, 23, 60, 49,  0, 43, 6
 95,100, 55, 78, 25, 51,  9, 23, 40,  0,100, 15, 64, 34,  0, 23, 6
 55,100, 33, 72, 18, 44, 19, 15, 70,  0,100, 20, 40, 23,  0,  1, 6
 75, 94, 62,100, 22, 67,  0, 30, 35,  0,100,  8, 78, 43, 16, 59, 6
 97,100, 61, 95, 34, 60, 25, 23, 65,  0,100, 25, 53, 44,  0, 31, 6
 85,100, 68, 99, 19, 70,  0, 33, 27,  0,100,  8, 87, 42, 19, 59, 6
 69,100, 42, 81, 22, 52, 20, 21, 60,  0,100, 15, 51, 28,  0, 16, 6
 58,100, 28, 75,  4, 43,  0,  9, 59,  0,100, 24, 41, 34,  1,  9, 6
 46,100, 31, 86,  5, 56,  0, 24, 35,  0, 91,  1,100, 28, 47, 32, 6
 67,100, 29, 73,  0, 38,  9,  0, 78, 10,100, 47, 41, 37, 10,  2, 6
 55,100, 23, 73,  0, 41,  4,  7, 55,  0,100, 19, 68, 36, 31, 15, 6
 71, 82,100,100, 44, 69,  0, 35,  8,  0, 90, 12, 75, 32,  5, 11, 6
100, 87, 66,100, 28, 68, 11, 31, 41,  0, 92, 18, 51, 42,  0, 24, 6
100,100, 60, 91, 23, 63,  0, 32, 12,  0, 65,  6, 69, 36, 11, 38, 6
100,100, 74, 86, 47, 61, 23, 32, 14,  0, 50,  1, 38, 25,  0, 26, 6
100,100, 52, 80, 16, 50,  0, 17, 48,  0, 97, 18, 69, 45, 16, 37, 6
 70,100, 28, 85,  2, 52,  0, 17, 53,  0,100, 22, 52, 44,  6, 28, 6
100, 97, 58,100, 18, 76,  0, 47, 12, 16, 62,  0, 85, 18, 28, 24, 6
 52,100, 15, 86,  1, 53,  0, 20, 45,  0,100,  6, 64, 18, 12,  8, 6
 55,100, 20, 69,  3, 36,  4,  3, 72,  0,100, 31, 68, 57,  0, 45, 6
 55,100, 35, 84,  9, 58,  0, 30, 25,  4, 92,  0,100, 25, 31, 16, 6
 97,100, 51, 77, 19, 48,  0, 18, 44,  0,100, 16, 65, 31, 12, 14, 6
100,100, 54, 80, 19, 56,  0, 31, 17,  7, 81,  0, 98, 20, 31, 17, 6
100,100, 66, 88, 32, 66,  7, 39,  0, 10, 44,  0, 62, 18, 14, 22, 6
100,100, 50, 79, 13, 52,  0, 20, 44,  0,100, 13, 61, 28,  6, 17, 6
 99,100, 41, 89,  4, 61,  0, 26, 42,  0,100,  4, 75, 33, 16, 38, 6
 83,100, 72, 85, 28, 56,  0, 22, 51,  0,100, 16, 46, 37, 29, 11, 6
 55,100, 39, 85, 12, 49, 17, 12, 78,  0,100, 27, 41, 38,  0,  9, 6
100,100, 57, 85, 26, 62,  2, 36,  0,  7, 44,  0, 70, 20, 24, 22, 6
100,100, 82, 92, 46, 70, 16, 44,  0, 15, 36,  0, 60, 20, 12, 32, 6
100,100, 78, 96, 32, 66,  0, 33, 11,  0, 89, 11, 85, 35,  3, 24, 6
100,100, 58, 79, 30, 53, 18, 24, 42,  0, 93, 10, 52, 23,  0, 16, 6
 68,100, 41, 94, 13, 61,  0, 27, 32,  0,100, 20, 60, 32,  9,  7, 6
100,100, 61, 99, 24, 66,  0, 31, 22,  0, 93, 13, 70, 33,  3, 18, 6
 42,100, 15, 73,  0, 45,  4, 17, 51,  0,100, 16, 92, 43, 34, 39, 6
 74,100, 25, 92,  0, 63,  3, 32, 39,  6,100,  9, 74, 25, 38,  0, 6
 87,100, 48,100, 17, 67,  6, 31, 38,  0,100, 12, 52, 29,  0,  4, 6
 65,100, 28, 74,  0, 45,  0, 13, 50,  0,100, 12, 58, 24,  5, 13, 6
 53,100, 52, 83, 18, 52,  0, 19, 45,  0,100, 17, 52, 37, 28, 13, 6
100,100, 90, 96, 45, 71, 14, 43, 16, 12, 78,  0, 72, 16,  0, 18, 6
100,100, 60, 91, 31, 69, 12, 44,  4, 17, 34,  0, 46, 20,  0, 21, 6
100,100, 44, 89, 11, 61,  0, 30, 23,  0, 84,  1, 88, 28, 28, 29, 6
 88, 85,100,100, 60, 75, 26, 48,  0, 19, 34,  0, 80, 18, 30, 30, 6
100,100, 66, 92, 26, 63,  0, 27, 27,  0, 76, 16, 56, 50,  5, 46, 6
 86,100, 38, 93,  7, 62,  1, 28, 41,  0,100, 12, 54, 28,  0,  7, 6
100,100, 55, 87, 23, 65,  0, 39,  0, 10, 44,  0, 85, 14, 59, 28, 6
 70,100, 43, 82, 16, 49,  0, 16, 41,  0,100, 21, 47, 31, 12,  4, 6
100,100, 54, 83, 23, 56,  5, 24, 32,  0, 77, 11, 46, 34,  0, 28, 6
 93,100, 48, 89, 12, 59,  0, 25, 43,  0,100, 18, 61, 43,  0, 29, 6
 78,100, 51, 83, 25, 52, 11, 20, 52,  0,100, 22, 64, 46,  0, 37, 6
 88,100, 49, 85, 12, 52,  0, 13, 55,  0,100, 26, 42, 35, 12,  5, 6
100,100, 51, 87, 18, 60,  0, 29, 20,  0, 71,  2, 58, 28,  8, 17, 6
 25, 75, 85,100, 49, 72, 18, 40,  0,  7, 51,  0,100, 28, 49, 29, 6
 61, 85, 47,100,  8, 70,  0, 34, 41,  7,100, 11, 55, 24,  9,  0, 6
100,100, 47, 91, 11, 59,  0, 22, 49,  4, 97, 25, 38, 29, 17,  0, 6
 50,100, 17, 76,  0, 49,  0, 22, 37,  0,100,  6, 93, 29, 31, 20, 6
100,100, 57, 84, 24, 58,  0, 29, 12,  0, 69,  5, 64, 32,  4, 35, 6
 76,100, 60,100, 20, 63,  0, 19, 46,  0,100, 17, 60, 37,  8, 32, 6
100,100, 46, 90, 13, 60,  0, 28, 30,  0, 83, 16, 85, 49, 30, 43, 6
 59,100, 24, 75,  0, 46,  0, 16, 49,  0,100, 13, 60, 32,  3, 25, 6
100,100, 61, 82, 29, 57,  8, 29, 22,  0, 66,  3, 45, 20,  0, 15, 6
 24,100,  7, 72,  0, 42,  6, 13, 60,  9,100, 29, 43, 23,  9,  0, 6
 59,100, 25, 75,  0, 42,  6,  6, 61,  0,100, 25, 54, 33, 25,  6, 6
100,100, 70, 86, 32, 63,  5, 37,  0, 10, 51,  0, 62, 15,  3, 17, 6
 84,100, 58, 83, 35, 55, 24, 26, 48,  0,100, 15, 65, 35,  0, 24, 6
100,100, 48, 82, 17, 55,  7, 24, 42,  0, 96, 12, 60, 33,  0, 28, 6
 40,100, 21, 86,  0, 49,  2, 10, 53,  0,100, 19, 61, 33, 14, 16, 6
 35, 91, 46,100, 20, 65,  4, 29, 38,  0,100, 20, 38, 37,  0,  8, 6
100,100, 72, 89, 30, 59,  0, 25, 31,  0, 92, 12, 79, 32, 19, 18, 6
100,100, 47, 92, 12, 61,  0, 25, 36,  0, 85, 20, 49, 38, 28, 11, 6
100,100, 70, 96, 42, 72, 16, 46,  0, 19, 27,  0, 54, 19,  7, 27, 6
100,100, 76, 96, 42, 68, 22, 37, 30,  5, 87,  0, 67, 25,  0, 18, 6
100,100, 61, 93, 29, 71,  3, 43,  0,  8, 38,  0, 66, 18, 29, 29, 6
 46,100, 28, 98,  7, 64, 13, 29, 55,  6,100, 15, 46, 17,  0,  0, 6
100,100, 60, 92, 20, 63,  0, 30, 24,  0, 83, 11, 69, 41,  5, 49, 6
100,100, 66, 98, 29, 67,  4, 31, 19,  0, 68, 12, 49, 35,  0, 21, 6
 90,100, 52, 75, 26, 48, 11, 19, 49,  0,100, 18, 38, 24,  0,  2, 6
 81,100, 47, 96, 14, 62,  6, 22, 53,  0,100, 19, 46, 34,  0, 12, 6
100,100, 57, 97, 26, 73,  2, 44,  0, 12, 37,  0, 58, 25, 15, 31, 6
 80,100, 30, 86,  5, 55,  1, 21, 49,  0,100, 22, 55, 35,  0, 15, 6
100, 99, 60,100, 26, 78,  3, 49,  0, 16, 36,  0, 60, 24, 30, 47, 6
 82,100, 33, 82, 12, 51, 18, 18, 65,  0,100, 20, 42, 30,  0,  9, 6
100,100, 64, 99, 29, 78,  4, 51,  0, 18, 30,  0, 42, 26,  0, 22, 6
 77, 95, 33,100,  0, 64,  0, 20, 50,  0,100, 21, 57, 35, 19,  3, 6
100,100, 57, 87, 26, 58, 14, 26, 43,  0, 87, 13, 45, 28,  0, 10, 6
100,100, 68, 89, 36, 70, 12, 46,  4, 18, 33,  0, 40,  9,  0, 13, 6
 95,100, 39, 87,  4, 53,  0, 15, 61,  0,100, 31, 38, 31, 21,  0, 6
 82, 85,100,100, 49, 68,  0, 36, 20,  0, 94,  3, 53, 27, 35,  8, 6
 73,100, 47, 86, 18, 58,  0, 29,  8,  0, 77,  4,100, 29, 29, 29, 6
100,100, 54, 97, 14, 67,  0, 32, 28,  0, 91,  4, 84, 35, 15, 47, 6
 78,100, 41, 82, 14, 52,  0, 19, 42,  0,100, 12, 91, 38, 29, 38, 6
100,100, 60, 82, 33, 58, 14, 31, 11,  3, 50,  0, 46, 19,  0,  8, 6
 86,100, 32, 92,  1, 55,  0, 16, 60,  0,100, 31, 31, 34,  7,  1, 6
 99,100, 56, 76, 21, 50,  0, 21, 38,  0,100,  8, 77, 30, 14, 26, 6
100,100, 50, 81, 16, 54,  5, 25, 34,  0, 89, 14, 70, 41,  0, 49, 6
100,100, 82, 90, 51, 62, 26, 32, 12,  0, 56,  6, 46, 26,  0, 12, 6
100,100, 66, 85, 39, 61, 16, 34, 10,  3, 45,  0, 36, 22,  0, 12, 6
100,100, 53, 81, 16, 56,  0, 25, 33,  0, 89,  3, 72, 19, 19,  9, 6
 93,100, 42, 82, 12, 55,  0, 25, 33,  0,100,  4, 75, 24, 13, 12, 6
 82,100, 40, 81,  6, 52,  0, 18, 51,  0,100, 16, 58, 35,  8, 20, 6
100,100, 55, 91, 21, 65,  0, 34, 17,  3, 66,  0, 69, 25, 19, 25, 6
100,100, 51, 81, 16, 56,  3, 27, 24,  0, 79,  3, 58, 29,  0, 38, 6
 86,100, 47, 81, 14, 55,  0, 27, 22,  0, 88,  0,100, 26, 34, 28, 6
 58,100, 21, 85,  0, 52,  3, 17, 51,  0,100, 17, 60, 35, 12, 19, 6
 25, 90, 42,100, 15, 63,  0, 26, 42,  0,100,  3, 80, 28, 59,  6, 6
100,100, 45, 85, 12, 55,  0, 20, 45,  0, 94, 20, 59, 45,  3, 31, 6
100, 95, 87,100, 49, 76, 17, 47,  0, 14, 40,  0, 66, 25, 19, 25, 6
 62, 94, 39,100,  7, 69,  0, 34, 33,  3,100,  1, 70, 19, 13,  0, 6
100,100, 63, 81, 44, 55, 39, 28, 42,  1, 68,  0, 49, 25,  0, 27, 6
100, 99, 60,100, 34, 78, 14, 53,  0, 27,  6,  0, 37,  9,  6, 27, 6
 85,100, 38, 80, 13, 48, 11, 14, 58,  0,100, 22, 58, 43,  0, 42, 6
 84,100, 72, 98, 38, 66, 18, 31, 44,  0,100, 14, 64, 39,  0, 27, 6
 79,100, 51, 85, 26, 51, 15, 13, 62,  0,100, 21, 49, 31,  0, 15, 6
100,100, 49, 93, 21, 62,  0, 32, 12,  0, 88,  8, 93, 34, 16, 22, 6
100,100, 46, 80, 11, 53,  0, 23, 39,  0,100, 12, 73, 33,  7, 25, 6
 83,100, 41, 98,  7, 63,  0, 23, 47,  0,100, 18, 58, 39, 11, 15, 6
100,100, 58, 86, 27, 66,  7, 43,  0, 18, 34,  0, 72, 14, 43, 29, 6
100,100, 83, 85, 63, 60, 44, 34, 32,  6, 50,  0, 36, 21,  0, 15, 6
100,100, 48, 80, 13, 53,  0, 23, 36,  0, 94, 15, 64, 30, 10, 11, 6
 83,100, 50, 85, 18, 52, 10, 14, 59,  0,100, 24, 51, 36,  0, 18, 6
100,100, 62, 84, 35, 57, 19, 24, 40,  0, 72, 18, 37, 31,  0, 14, 6
100,100, 43, 84, 12, 58,  0, 31, 17,  5, 91,  0, 98, 15, 21, 11, 6
 61, 94, 57,100, 15, 68,  0, 32, 28,  0,100,  7, 65, 34, 33, 14, 6
 96,100, 51, 75, 19, 48,  0, 19, 41,  0,100, 17, 81, 43,  8, 42, 6
 27,100,  8, 73,  0, 45, 11, 17, 51,  0,100,  3, 82, 20, 37,  9, 6
 77,100, 29, 80,  0, 53,  2, 21, 45,  0,100,  6, 68, 29, 14, 27, 6
 49,100, 25, 78,  0, 40, 10,  2, 76,  0,100, 30, 40, 39, 24, 11, 6
100,100, 55, 78, 21, 52,  0, 22, 27,  0, 79, 14, 53, 27,  1, 10, 6
100,100, 53, 77, 18, 50,  0, 19, 42,  0, 97, 16, 68, 40, 11, 35, 6
100,100, 59, 90, 36, 62, 19, 33, 10,  3, 42,  0, 42, 27,  0, 37, 6
100, 97, 69,100, 34, 69, 13, 33, 31,  0, 90,  4, 55, 24,  0, 10, 6
 85,100, 49, 87, 12, 57,  0, 22, 45,  0,100, 15, 78, 47, 18, 59, 6
100,100, 64, 86, 28, 57,  3, 24, 29,  0, 80, 15, 50, 34,  0, 18, 6
 50,100, 17, 78,  0, 46,  5, 15, 54,  0,100, 17, 68, 32, 26, 10, 6
100,100, 69, 83, 36, 62, 11, 38,  0, 12, 39,  0, 70, 18, 26, 26, 6
 91,100, 56, 91, 19, 62,  0, 30, 22,  0,100,  5, 99, 33, 19, 44, 6
100, 88, 77,100, 43, 80, 17, 54,  6, 24, 24,  0, 40, 22,  0, 26, 6
 98,100, 40, 87,  9, 55,  0, 21, 47,  0,100, 22, 39, 31,  7,  4, 6
 96, 98, 44,100,  5, 72,  0, 36, 38,  8,100,  6, 61, 21, 11,  0, 6
 62,100, 20, 96,  0, 60,  9, 22, 59,  0,100, 25, 48, 35,  5,  8, 6
 99,100, 67, 85, 22, 58,  1, 27, 36,  0,100, 18, 77, 47,  0, 59, 6
 93,100, 53, 77, 25, 49,  8, 19, 44,  0,100, 11, 59, 18,  0, 10, 6
 81,100, 32, 82,  6, 55,  0, 27, 23,  0,100,  0, 97, 25, 16, 18, 6
 93,100, 39, 81, 10, 46, 11,  7, 71,  2,100, 35, 37, 32,  0,  0, 6
