  3, 71,  0, 95, 45,100,100, 99, 79, 78, 48, 53, 31, 24, 54,  0, 7
  5, 65,  0, 89, 37,100, 88, 97,100, 79, 71, 53, 48, 26, 59,  0, 7
  0, 93, 40,100, 57, 61, 51, 17, 35,  0, 12, 37, 54, 48,100, 49, 7
  0, 88, 59,100, 89, 72, 82, 40, 63,  9, 28,  0, 25, 25,100, 27, 7
  0, 94, 68,100, 89, 68, 72, 33, 43,  0,  3, 21, 25, 50,100, 58, 7
  0, 93, 41,100, 57, 65, 47, 26, 21,  0,  2, 35, 51, 38,100, 36, 7
  0, 98, 75,100, 84, 65, 54, 31, 26,  0,100, 21, 96, 39,  6, 41, 7
  8,100, 67, 99, 72, 65, 55, 31, 32,  0,  0, 26, 36, 47,100, 52, 7
  0, 95, 39,100, 67, 73, 53, 30, 40,  0, 21, 40, 53, 45,100, 40, 7
  0, 98, 39,100, 71, 80, 72, 39, 69,  0, 48, 29, 60, 50,100, 55, 7
  0,100, 52, 94, 74, 60, 71, 23, 55,  0,  9, 21, 43, 31,100, 31, 7
  8, 96, 55,100, 62, 67, 42, 30, 25,  0,  0, 36, 41, 49,100, 50, 7
 23, 89, 59,100, 75, 68, 58, 33, 36,  0,  0, 18, 48, 27,100, 32, 7
  0, 93, 41,100, 62, 75, 44, 39, 26,  3,  5,  0, 29, 19,100, 28, 7
  0, 84,  3, 73, 30, 98,100,100, 90, 79, 73, 48, 61, 16, 59,  0, 7
  0, 87, 18, 95, 89,100,100, 79, 64, 41, 38,  0,  1, 10, 52, 24, 7
  0,100, 59, 97, 81, 66, 63, 32, 44,  0,  3, 25, 37, 34,100, 39, 7
  0, 94, 60,100, 98, 75, 93, 40, 76,  6, 48,  0, 34, 23,100, 24, 7
 12, 87,  0, 77, 35, 97,100,100, 98, 78, 81, 43, 73,  6, 72,  0, 7
  0, 98, 49,100, 64, 89, 47, 44, 42,  0,  8, 37, 48, 49,100, 51, 7
  0,100, 81,100, 68, 62, 34, 26, 24,  0, 92, 28,100, 50,  5, 46, 7
  0, 86, 52,100,100, 80, 99, 36, 65,  0, 26,  3, 34, 38, 90, 49, 7
  0, 84, 54,100,100, 79, 95, 42, 69,  8, 29,  0, 28, 26, 90, 30, 7
  7, 98, 58,100, 90, 70, 71, 27, 41,  0,  0, 27, 50, 37,100, 35, 7
  0, 95, 54,100, 66, 90, 55, 46, 51,  0, 18, 16, 45, 27,100, 29, 7
  0, 89, 58,100, 88, 87, 60, 44, 32,  0, 22,  3, 39, 33,100, 40, 7
  0, 99, 54,100, 78, 72, 73, 39, 71,  6, 48,  0, 45, 14,100, 16, 7
  0, 96, 43,100, 76, 92, 54, 48, 36,  0, 21, 13, 56, 32,100, 36, 7
  0, 70, 18, 97, 76,100, 92, 74, 66, 36, 54,  0,100, 26, 58, 33, 7
  0, 89, 33,100, 49, 54, 39,  6, 16,  0, 10, 36, 55, 35,100, 31, 7
 32,100, 86, 86,100, 56, 81, 27, 46,  0,  0, 17, 38, 34, 98, 47, 7
  0, 92, 28,100, 67, 74, 70, 35, 48,  0,  5, 24, 45, 34,100, 34, 7
  0, 97, 51,100, 65, 88, 46, 44, 42,  0,  9, 29, 40, 34,100, 40, 7
  0, 95, 41,100, 59, 67, 51, 27, 40,  0, 12, 32, 52, 47,100, 55, 7
  0, 86, 42,100, 84, 84, 83, 42, 78,  0, 45, 15, 49, 41,100, 48, 7
  0, 88, 45,100, 81, 79, 80, 43, 72,  7, 58,  0, 47, 23,100, 24, 7
  0,100, 46, 98, 95, 82, 95, 41, 84,  0, 49,  9, 45, 22,100, 28, 7
  0, 82, 33,100, 77, 89, 87, 57, 72, 25, 53,  0, 51, 27,100, 24, 7
 12, 98, 56,100, 54, 67, 33, 33, 10,  0,  0, 34, 39, 44,100, 44, 7
  0, 88, 35,100, 55, 68, 49, 27, 38,  0, 19, 32, 59, 40,100, 45, 7
  6, 97, 62,100, 89, 70, 62, 34, 42,  0,100, 25, 76, 40,  0, 36, 7
  0, 95, 27,100, 57, 71, 45, 31, 33,  0,  3, 36, 36, 51,100, 53, 7
  0, 91, 59,100, 85, 94, 54, 53, 37,  7, 21,  0, 34, 35,100, 42, 7
 19, 92, 38,100, 59, 68, 44, 31, 18,  0,  0, 35, 50, 39,100, 45, 7
  0, 91, 42, 95, 84,100, 88, 78, 70, 38, 61,  0, 57, 38,100, 40, 7
  0, 77, 32,100, 83, 79, 89, 39, 68,  0, 27,  0, 33, 23,100, 25, 7
  0, 88, 53,100,100, 92, 66, 62, 37, 30, 35,  0,  7, 32, 62, 36, 7
  0, 70, 32,100, 87, 94, 99, 54, 92, 13, 55,  0, 42, 20,100, 27, 7
  0, 96, 51,100,100, 96, 70, 63, 49, 27, 32,  0, 16, 36, 69, 51, 7
  0, 95, 62,100, 98, 78, 70, 37, 50,  0,100, 27, 88, 46, 26, 48, 7
  0, 92, 52,100, 98, 83,100, 48, 85, 13, 59,  0, 44, 17, 99, 18, 7
  0, 98, 42,100, 73, 70, 60, 31, 35,  0,  5, 27, 52, 32,100, 24, 7
  6, 65,  0, 92, 48,100,100, 97, 74, 73, 47, 49, 25, 24, 32,  0, 7
  0, 89, 59,100,100, 74, 68, 36, 27,  0, 53,  1, 95, 28, 15, 34, 7
  0, 89, 53,100, 91, 77, 77, 36, 49,  0, 23, 19, 43, 43,100, 44, 7
  0, 97, 49,100,100, 97, 99, 66, 69, 33, 42,  0, 22, 33, 74, 34, 7
  0, 89, 45,100, 77, 80, 72, 45, 70, 10, 59,  0, 48, 24,100, 28, 7
  0, 84, 36,100, 69, 79, 77, 38, 70,  0, 35, 21, 59, 35,100, 39, 7
  0, 83, 52,100,100, 82, 80, 41, 53,  0, 30,  3, 33, 40, 99, 45, 7
  2, 59,  0, 86, 41,100,100,100, 88, 79, 59, 55, 38, 28, 35,  0, 7
  0, 96, 54,100, 65, 76, 41, 39, 24,  0, 16, 14, 45, 34,100, 35, 7
  0, 73,  4, 69, 22, 95, 93,100,100, 83, 82, 45, 67,  8, 76,  0, 7
  0, 96, 41,100, 79, 85, 84, 43, 78,  0, 56,  8, 58, 29,100, 28, 7
  0, 70, 38,100,100, 98, 84, 53, 53,  6, 69,  0, 98, 30, 36, 31, 7
  0,100, 44, 97, 60, 58, 46, 17, 26,  0,  5, 38, 51, 49,100, 56, 7
 28, 98, 77,100, 89, 65, 67, 27, 35,  0,  0, 17, 48, 29,100, 30, 7
  0, 94, 35,100, 60, 71, 55, 29, 49,  0, 29, 39, 50, 57,100, 57, 7
  6, 67,  0, 93, 50,100,100,100, 83, 74, 60, 50, 39, 26, 25,  0, 7
 14, 83,  0, 74,  8, 94, 62,100,100, 97, 75, 63, 61, 26, 56,  0, 7
 17, 98, 77,100, 85, 66, 68, 32, 42,  0,  0, 26, 38, 50,100, 60, 7
  0, 98, 35,100, 61, 76, 57, 37, 42,  0, 31, 24, 64, 39,100, 48, 7
  0,100, 62, 99,100, 74, 88, 39, 71,  5, 43,  0, 20, 17,100, 27, 7
  0, 99, 57,100, 79, 89, 63, 45, 59,  0, 32,  6, 33, 27,100, 32, 7
  0, 93, 62,100, 74, 85, 53, 42, 49,  0,  1, 31, 28, 37,100, 40, 7
  0, 61,  0, 85, 39, 99,100,100, 79, 76, 57, 51, 38, 25, 33,  0, 7
  0, 66, 26, 97, 85,100,100, 63, 71, 25, 41,  0, 19, 39, 80, 36, 7
 12,100, 49,100, 65, 68, 49, 33, 27,  0,  0, 19, 44, 29,100, 31, 7
  0, 91, 42,100, 71, 75, 59, 37, 51,  0, 27, 34, 50, 54,100, 56, 7
  0, 80, 43,100, 89, 83, 80, 50, 63, 17, 47,  0, 30, 26,100, 30, 7
  6, 93, 48,100, 84, 70, 79, 23, 48,  0,  0, 23, 44, 35,100, 39, 7
  0, 94, 66,100, 97, 72, 83, 35, 56,  0, 24, 11, 32, 40,100, 46, 7
  0, 93, 59,100, 89, 71, 72, 35, 48,  0, 22, 24, 35, 48,100, 51, 7
  0, 92, 44,100, 78, 79, 68, 40, 58,  0, 33, 17, 53, 33,100, 31, 7
  2, 90, 60,100,100, 72, 72, 36, 40,  0, 88, 12, 79, 29,  0, 31, 7
  0, 75, 23,100, 63, 85, 72, 42, 70,  0, 29, 12, 51, 25,100, 32, 7
  8, 70,  0, 96, 46,100,100, 98, 96, 75, 69, 50, 48, 24, 58,  0, 7
 12, 90,  0, 83, 42, 94,100,100, 83, 77, 61, 51, 41, 26, 35,  0, 7
  0, 64, 19, 92,100,100, 87, 73, 61, 37, 39,  0, 31, 24, 96, 42, 7
  0, 96, 46,100, 73, 68, 61, 34, 34,  0,  4,  1, 28, 23,100, 30, 7
  0, 97, 43, 96, 87,100,100, 93, 70, 73, 42, 51, 19, 26, 17,  0, 7
  0, 86, 47,100, 94, 84, 87, 40, 65,  0, 39,  6, 45, 38,100, 42, 7
  0,100, 34, 96, 56, 64, 56, 23, 40,  0, 29, 32, 64, 35,100, 34, 7
  0, 81, 29,100, 64, 82, 67, 40, 50,  0, 23, 32, 60, 43,100, 51, 7
  0, 90, 57,100,100, 81, 83, 40, 58,  0, 29,  3, 28, 37, 89, 43, 7
  0, 84, 48,100, 83, 79, 69, 38, 47,  0, 14, 19, 46, 40,100, 46, 7
 27,100, 92, 91,100, 61, 88, 30, 71,  0,  0, 10,  8, 32, 96, 40, 7
 11, 62,  0, 88, 38, 99,100,100, 87, 78, 64, 52, 44, 27, 45,  0, 7
  0,100, 56,100, 70, 68, 51, 34, 32,  0,  6, 14, 30, 34,100, 40, 7
  0, 71,  7, 96, 53,100,100, 94, 78, 70, 52, 47, 29, 24, 14,  0, 7
  0, 75, 31, 99, 81,100,100, 69, 90, 34, 76,  0, 53,  8, 88, 23, 7
 11, 99, 57,100, 66, 54, 41,  8, 51,  0,100, 29, 59, 41,  0, 51, 7
  3,100, 59,100, 79, 68, 71, 33, 52,  0,  0, 13, 41, 36,100, 46, 7
 15, 81,  0, 68, 14, 97, 77,100,100, 95, 80, 62, 68, 28, 63,  0, 7
  0, 88, 29,100, 65, 86, 62, 40, 52,  0, 35, 43, 61, 53,100, 52, 7
  0, 87, 31,100, 66, 71, 61, 35, 51,  0,  1, 13, 21, 28,100, 34, 7
  2,100, 51, 92, 58, 61, 51, 29, 29,  0,  0, 10, 38, 27,100, 29, 7
 23, 93,  0, 70, 15,100, 70, 99,100, 93, 87, 60, 76, 27, 65,  0, 7
 13, 84,  0, 67, 21,100, 85,100,100, 88, 75, 52, 60, 14, 56,  0, 7
 28, 94, 63,100, 84, 69, 66, 30, 42,  0,  0, 25, 47, 38,100, 37, 7
  6,100, 54, 96, 81, 56, 64,  6, 36,  0,  0, 38, 51, 35,100, 32, 7
  0, 91, 50,100, 84, 73, 79, 36, 66,  0, 27, 21, 45, 37,100, 37, 7
 25, 86,  0, 69, 19, 98, 69, 96,100,100, 81, 66, 67, 32, 54,  0, 7
  0,100, 55, 98, 79, 67, 76, 33, 60,  0,  0,  1, 37, 17,100, 27, 7
  0, 87, 39,100, 73, 74, 69, 31, 51,  0, 12, 28, 50, 47,100, 54, 7
  0, 81, 25,100, 69, 85, 70, 42, 59,  0, 22, 18, 49, 38,100, 42, 7
  8, 98, 53,100, 69, 63, 50, 24, 46,  0,100, 19, 58, 37,  0, 46, 7
  0, 66, 26,100, 64, 88, 73, 43, 63,  0, 34, 33, 57, 54,100, 60, 7
  0, 75, 36,100, 81, 93, 97, 51, 96,  5, 73,  0, 53, 21,100, 25, 7
  0, 90, 29,100, 61, 76, 54, 33, 46,  0, 24, 38, 55, 53,100, 52, 7
  0, 93, 79,100,100, 68, 68, 34, 26,  0, 19, 10,  9, 44, 94, 42, 7
  2,100, 53, 99, 63, 66, 42, 33, 18,  0,  0, 22, 38, 37,100, 41, 7
  0, 90, 42, 99, 89,100, 84, 79, 62, 41, 57,  0, 53, 38,100, 37, 7
  0, 95, 51,100, 73, 92, 64, 47, 62,  0, 39, 17, 52, 33,100, 36, 7
  0, 76, 13,100, 63,100,100, 96, 75, 73, 50, 48, 30, 23, 46,  0, 7
  0, 85, 47, 93,100,100, 66, 69, 37, 35, 16,  0,  0, 17, 41, 26, 7
  0, 94, 56,100, 59, 78, 44, 39, 36,  0, 15, 25, 44, 38,100, 42, 7
  2, 85, 40,100, 81, 72, 64, 26, 38,  0,  0, 35, 46, 38,100, 39, 7
  0, 90, 41, 96, 99,100, 67, 57, 54,  0, 32,  5, 42, 25,100, 31, 7
  0, 89, 56,100, 95, 76, 72, 37, 47,  0, 10,  3, 32, 16,100, 22, 7
  0, 99, 57,100, 84, 73, 74, 36, 67,  0,  2, 18, 26, 32,100, 40, 7
  7, 54,  0, 89, 71,100,100, 83, 71, 45, 45,  6, 32,  0, 67, 21, 7
  5, 96, 66,100, 72, 65, 54, 24, 31,  0,  0, 38, 41, 53,100, 51, 7
  0, 96, 53,100, 95, 71, 85, 28, 54,  0,  4, 20, 43, 31,100, 37, 7
  0, 98, 55, 98,100,100, 72, 63, 52, 23, 40,  0, 31, 35, 86, 40, 7
  0, 96, 59,100,100, 89, 74, 54, 47, 19, 28,  0, 35, 39, 92, 48, 7
  0, 95, 45,100, 92, 99, 70, 63, 52, 25, 38,  0, 51, 33,100, 37, 7
  0, 90, 50,100,100, 94, 84, 52, 62, 13, 42,  0, 40, 40, 92, 44, 7
 25,100, 75, 99, 78, 57, 63, 13, 42,  0,  0, 29, 47, 41,100, 36, 7
  0, 88, 47,100, 79, 76, 85, 40, 83,  4, 65,  0, 48, 28,100, 34, 7
  0, 91, 35,100,100, 97, 74, 65, 38, 32, 23,  0,  2, 34, 59, 38, 7
  0, 87, 53,100, 87, 71, 73, 32, 38,  0,  2, 26, 35, 47,100, 53, 7
  0, 96, 45,100, 60, 66, 55, 31, 40,  0, 11, 30, 45, 48,100, 56, 7
  0, 93, 42,100, 69, 72, 68, 36, 66,  0, 42, 15, 50, 33,100, 35, 7
  0, 95, 39,100, 58, 70, 45, 30, 35,  0, 18, 38, 58, 47,100, 49, 7
  0, 98, 35,100, 75, 75, 63, 43, 47, 10, 28,  0, 19, 19,100, 30, 7
 16, 89,  0, 68, 28, 92, 95,100,100, 89, 83, 58, 68, 27, 65,  0, 7
  0, 86, 43,100, 97, 91,100, 57, 71, 26, 39,  0, 31, 35, 85, 30, 7
  8, 69,  0, 91, 45,100,100, 93, 75, 70, 49, 47, 26, 23, 26,  0, 7
  0, 95, 33,100, 50, 69, 50, 32, 40,  0, 28, 36, 60, 45,100, 46, 7
  6, 72,  0, 98, 45,100,100, 98, 77, 76, 48, 51, 25, 25, 30,  0, 7
  0, 81, 46,100, 97, 83,100, 44, 77,  7, 38,  0, 33, 24, 94, 31, 7
  0,100, 66, 98, 55, 65, 24, 33, 14,  0, 75, 25,100, 47, 13, 48, 7
  0, 93, 61,100,100, 81, 86, 50, 72, 19, 55,  0, 34, 22, 99, 23, 7
 22, 87,  0, 71, 21, 98,100,100, 97, 83, 76, 53, 58, 22, 36,  0, 7
  0, 92, 40,100,100, 86, 91, 45, 65,  6, 30,  0, 21, 30, 92, 36, 7
  0, 82, 32,100, 55, 67, 52, 21, 41,  0, 16, 36, 58, 47,100, 48, 7
  5, 99, 85,100, 82, 62, 40, 26, 24,  0,100, 25, 96, 46,  0, 47, 7
  3, 98, 51,100, 66, 63, 59, 22, 38,  0,  0, 25, 49, 34,100, 38, 7
  0, 81, 31,100, 60, 80, 61, 31, 50,  0, 29, 37, 64, 45,100, 48, 7
  0, 97, 48, 97,100,100, 67, 68, 39, 35, 23,  0,  7, 22, 60, 33, 7
 12, 96, 49,100, 55, 66, 35, 32,  9,  0,  0, 31, 49, 38,100, 40, 7
  0, 89, 39, 95,100,100,100, 78, 74, 40, 57,  0, 28,  4, 69, 17, 7
  0, 93, 45,100, 81, 71, 81, 32, 69,  0, 21, 25, 35, 31,100, 34, 7
  5, 96, 72,100, 69, 74, 51, 37, 49,  0,  0, 27, 48, 36,100, 39, 7
  0, 99, 58,100, 66, 68, 49, 34, 31,  0, 14, 18, 39, 36,100, 41, 7
  6,100, 60, 98, 62, 56, 35, 15, 45,  0,100, 26, 69, 40,  0, 38, 7
  0, 94, 41,100, 64, 78, 49, 39, 38,  0, 23, 38, 48, 58,100, 56, 7
 18,100, 80, 95, 90, 61, 52, 26, 26,  0,100, 16, 79, 32,  0, 36, 7
  0, 94, 70,100, 83, 85, 67, 43, 56,  0, 35,  9, 33, 29,100, 34, 7
  0, 98, 51, 98,100,100, 74, 65, 50, 28, 40,  0, 44, 39, 96, 47, 7
 11, 95, 46, 96,100,100, 67, 71, 35, 39, 18,  0,  0, 29, 39, 30, 7
 10, 81, 51,100, 92, 73, 80, 31, 51,  0,  0, 24, 38, 39,100, 38, 7
  0, 89, 76,100, 95, 88, 66, 48, 58,  8, 34,  0, 17, 27,100, 33, 7
  0,100, 17, 94, 71, 87, 51, 49, 32, 11,  8,  0, 24, 22,100, 35, 7
  0, 86, 46,100, 88, 77, 78, 36, 51,  0, 11, 26, 45, 37,100, 42, 7
 15, 97, 66,100, 72, 64, 54, 20, 34,  0,  0, 37, 52, 40,100, 45, 7
  0, 95, 44,100, 66, 70, 48, 35, 24,  0,  2, 22, 42, 35,100, 38, 7
  5, 94,  0, 76, 17,100, 78, 98,100, 91, 84, 57, 72, 23, 65,  0, 7
  0, 93, 33,100, 43, 51, 35,  0,  3, 22, 12, 48, 55, 59,100, 64, 7
  0, 98, 45,100, 70, 95, 57, 48, 55,  0, 23, 25, 50, 34,100, 38, 7
  4, 85, 64,100, 96, 72, 68, 34, 44,  0,100, 31, 87, 44,  0, 41, 7
  0, 93, 42,100, 67, 55, 52,  0, 10,  2, 11, 27, 55, 36,100, 39, 7
  4, 89,  0, 73, 23, 99, 87,100,100, 88, 79, 59, 59, 29, 44,  0, 7
 17, 94,  0, 66, 11, 93, 63,100,100, 98, 81, 64, 62, 29, 47,  0, 7
  6, 95, 75,100, 81, 65, 48, 27, 41,  0,100, 24, 70, 45,  0, 49, 7
  0, 93, 64,100,100, 80, 91, 50, 80, 20, 68,  0, 22, 20, 87, 28, 7
  6, 95, 53,100, 72, 68, 63, 33, 43,  0,  0, 20, 43, 40,100, 48, 7
  0, 96, 52,100, 72, 90, 57, 46, 63,  0, 23, 24, 49, 37,100, 43, 7
  0,100, 40, 96, 49, 51, 42,  5, 20,  0,  3, 36, 51, 39,100, 42, 7
  0,100, 40, 94, 60, 63, 50, 26, 33,  0, 19, 32, 59, 40,100, 48, 7
  0, 96, 49,100, 77, 76, 62, 38, 51,  0,  2,  2, 25, 14,100, 23, 7
  0, 92, 57,100,100, 77, 77, 38, 46,  0, 25,  9, 25, 48, 92, 58, 7
  0, 72, 29,100, 71, 82, 74, 43, 57,  5, 23,  0, 45, 28,100, 35, 7
 11, 65,  7, 91, 53,100,100, 98, 72, 75, 44, 50, 19, 25,  0,  0, 7
  0,100, 76, 97,100, 65, 75, 32, 44,  0,  1,  6, 21, 26,100, 23, 7
  0, 90, 43,100, 87, 86, 69, 46, 47,  7, 66,  0,100, 30, 45, 28, 7
 49, 93, 89,100, 94, 65, 68, 28, 50,  0,100, 24, 60, 37,  0, 43, 7
  0, 98, 80,100,100, 68, 87, 33, 59,  0, 19, 16, 10, 43, 93, 49, 7
  8, 65,  0, 92, 47, 97,100,100, 75, 77, 53, 52, 37, 25, 41,  0, 7
  6,100, 51, 92, 57, 56, 45, 21, 22,  0,  0, 31, 48, 39,100, 40, 7
  0, 91, 51, 96, 88,100, 67, 55, 64,  7, 47,  0, 48, 19,100, 24, 7
  0, 92, 58,100, 74, 68, 57, 34, 36,  0, 71, 20,100, 47, 36, 42, 7
  0, 82, 39,100, 80, 95, 66, 51, 56,  6, 40,  0, 55, 28,100, 29, 7
  0, 91, 51,100, 84, 82, 51, 43, 25,  0,  1, 16, 39, 40,100, 41, 7
  0, 85, 51,100, 81, 71, 76, 35, 58,  0, 31, 25, 35, 55,100, 61, 7
  0, 75, 33, 89, 77,100, 79, 72, 61, 37, 55,  0, 55, 20,100, 27, 7
 36,100, 65, 90, 66, 59, 48, 28, 25,  0,  0, 28, 47, 36,100, 37, 7
  0, 74, 29,100, 65, 86, 73, 44, 64,  0, 31,  8, 60, 35,100, 40, 7
  0, 93, 49,100,100,100, 80, 66, 61, 27, 51,  0, 44, 35, 95, 37, 7
  0, 98, 38,100, 61, 62, 61, 16, 39,  0, 18, 37, 58, 41,100, 37, 7
  0, 97, 40,100, 68, 74, 58, 34, 51,  0, 24, 34, 48, 56,100, 60, 7
  7, 80,  0, 80, 29,100, 99, 99,100, 90, 78, 59, 61, 28, 46,  0, 7
  0, 95, 52,100, 71, 86, 63, 42, 62,  0, 27, 33, 48, 50,100, 53, 7
 18, 75,  0, 74, 35, 97,100,100, 88, 79, 72, 49, 52, 18, 40,  0, 7
 10, 84, 64,100, 98, 70, 71, 34, 36,  0,  0, 30, 30, 55,100, 49, 7
  0, 98, 76,100,100, 68, 88, 34, 67,  0, 16,  1, 13, 16, 95, 11, 7
  0, 92, 48,100, 68, 67, 64, 33, 48,  0,  9, 24, 39, 49,100, 58, 7
  0, 89, 59,100,100, 74, 82, 35, 51,  0, 10, 18, 35, 42,100, 48, 7
  0, 83, 55,100,100, 79, 94, 38, 69,  0, 40,  7, 32, 48, 91, 57, 7
  6,100, 32, 98, 66, 71, 62, 34, 41,  0,  0, 27, 39, 41,100, 46, 7
  0, 91, 53,100, 93, 87, 60, 47, 36,  4, 26,  0, 37, 35,100, 40, 7
  0, 87, 41,100, 79, 83, 60, 43, 50,  2, 49,  0, 40, 32,100, 36, 7
  2, 74,  5, 95, 70,100,100, 89, 66, 67, 31, 45,  0, 22,  2,  0, 7
  0, 96, 54,100, 99, 80, 86, 42, 67,  6, 34,  0, 36, 25,100, 36, 7
  0, 97, 46,100, 68, 71, 62, 34, 43,  0, 22, 14, 49, 29,100, 31, 7
 15, 84,  0, 64, 18, 97, 78, 98,100,100, 79, 65, 68, 29, 65,  0, 7
  0, 84, 53,100, 94, 76, 94, 38, 77,  0, 38,  3, 41, 28,100, 36, 7
 15, 95, 69,100, 75, 66, 51, 33, 22,  0,  0,  9, 30, 29,100, 33, 7
  0,100, 38, 98, 48, 59, 38, 19, 24,  0, 18, 39, 58, 45,100, 46, 7
  8, 92, 37,100, 66, 67, 59, 24, 27,  0,  0, 32, 50, 28,100, 24, 7
  0, 96, 42,100, 62, 62, 56, 19, 39,  0, 11, 36, 51, 52,100, 57, 7
  0, 91, 43,100, 89, 95,100, 59, 84, 23, 66,  0, 38, 32, 84, 33, 7
  0, 69, 39,100, 82, 84, 70, 40, 41,  0,  6, 13, 44, 41,100, 40, 7
  0, 95, 56,100, 61, 80, 51, 40, 44,  0, 17, 27, 41, 39,100, 47, 7
  0,100, 75, 97,100, 71, 61, 36, 32,  0, 83,  4, 81, 24,  0, 23, 7
  0, 90, 32,100, 66, 77, 45, 39, 26,  0,  1, 20, 45, 34,100, 39, 7
  0, 98, 53,100, 84, 72, 62, 34, 43,  0,  1, 26, 44, 37,100, 38, 7
  0, 92, 35, 95,100,100, 93, 79, 59, 41, 36,  0, 12, 16, 76, 22, 7
  0,100, 41, 98, 56, 69, 50, 34, 43,  0, 28, 26, 57, 44,100, 48, 7
  0,100, 33, 93, 67, 92,100, 94, 78, 71, 57, 49, 38, 25, 27,  0, 7
  0, 75,  4, 98, 64,100,100, 92, 72, 70, 46, 48, 27, 24, 25,  0, 7
  0,100, 34, 81, 48, 42, 44,  0, 15,  8, 14, 31, 57, 32,100, 30, 7
 15, 79,  0, 65, 17,100, 71, 99,100, 96, 77, 60, 58, 24, 47,  0, 7
  0, 97, 31,100, 51, 70, 53, 34, 42,  0, 28, 21, 61, 37,100, 44, 7
  0, 91, 36,100, 66, 79, 73, 39, 63,  0, 39, 19, 61, 33,100, 33, 7
  0,100, 60,100,100, 92, 62, 58, 42, 16, 41,  0, 22, 41, 84, 45, 7
  1, 80,  0, 73, 22, 99, 71,100,100, 98, 83, 65, 67, 32, 55,  0, 7
  0, 89, 31,100, 61, 78, 51, 35, 45,  0, 17, 37, 50, 51,100, 54, 7
  5,100, 45, 90, 41, 45, 36,  0,  3, 14,  0, 39, 49, 48,100, 55, 7
  0, 66,  3, 93, 49,100,100, 98, 74, 74, 47, 50, 24, 26, 13,  0, 7
  0, 94, 43,100, 62, 92, 49, 47, 48,  0, 25, 17, 53, 33,100, 38, 7
  0, 98, 52,100, 61, 75, 49, 32, 48,  0, 17, 37, 48, 42,100, 50, 7
 17, 97, 87,100,100, 66, 72, 31, 43,  0,  0, 32, 32, 45, 73, 45, 7
 22, 96, 53,100, 59, 66, 43, 32, 22,  0,  0, 33, 49, 40,100, 42, 7
  6, 92, 45,100, 54, 59, 47, 16, 32,  0,  0, 36, 43, 52,100, 56, 7
  1, 96,  0, 75, 23, 98, 86,100,100, 90, 75, 56, 57, 19, 54,  0, 7
 11, 85,  0, 70, 26, 96, 92,100,100, 87, 81, 55, 65, 21, 60,  0, 7
  8, 72,  0, 99, 47, 99,100,100, 77, 77, 53, 53, 35, 27, 31,  0, 7
 17, 92, 50,100, 63, 68, 46, 34, 21,  0,  0, 22, 40, 35,100, 40, 7
  0,100, 36, 95, 42, 47, 38,  0,  2, 19,  1, 47, 50, 57,100, 63, 7
  0, 81, 38,100, 84,100, 81, 67, 69, 33, 63,  0, 50, 21,100, 27, 7
  0, 81, 51,100, 96, 81, 89, 40, 67,  0, 37, 17, 41, 50,100, 53, 7
  0, 99, 57,100, 88, 70, 80, 33, 52,  0,  3,  3, 40, 24,100, 27, 7
  0, 88, 35,100, 73, 97, 98, 69, 91, 26, 68,  0, 62, 14,100, 12, 7
 12, 97, 73,100,100, 70, 74, 35, 49,  0,  0, 25, 34, 41, 98, 37, 7
  0, 63,  8, 86, 53,100,100, 96, 73, 73, 46, 49, 26, 25, 19,  0, 7
 28,100, 69, 99, 65, 65, 47, 32, 22,  0,  0, 27, 39, 38,100, 38, 7
 12, 97, 48,100, 69, 69, 55, 33, 35,  0,  0, 25, 46, 35,100, 39, 7
  0, 85, 60,100,100, 74, 85, 36, 67,  0, 35,  6, 16, 35, 96, 42, 7
  0, 91, 70,100,100, 83, 76, 43, 66,  0, 53,  5, 21, 43, 92, 46, 7
  6,100, 54, 99, 66, 59, 48, 18, 25,  0,  0, 38, 49, 43,100, 42, 7
  0, 92, 51,100,100, 89, 77, 54, 54, 18, 31,  0, 22, 37, 78, 46, 7
  0, 88, 49,100, 98, 83, 75, 41, 45,  1, 63,  0,100, 27, 37, 30, 7
  2, 90, 41,100, 78, 71, 61, 28, 27,  0,  0, 36, 50, 35,100, 42, 7
 25, 98, 64,100, 72, 67, 53, 33, 30,  0,  0, 16, 37, 30,100, 33, 7
 14, 91, 56,100, 68, 67, 53, 33, 35,  0,  0, 12, 41, 29,100, 35, 7
  0, 66,  2, 93, 50,100,100, 98, 78, 72, 55, 47, 38, 19, 39,  0, 7
 23, 82, 71,100, 89, 68, 77, 33, 52,  0,  0, 21, 38, 45,100, 51, 7
  0, 89, 43,100, 74, 76, 70, 37, 54,  0, 27, 20, 53, 48,100, 56, 7
  0, 81, 35, 92,100,100, 95, 70, 73, 32, 67,  0, 34, 20, 96, 31, 7
  0, 92, 51,100,100,100, 63, 69, 34, 36, 23,  0,  2, 27, 63, 33, 7
  0, 70,  3, 91, 45,100,100,100, 75, 75, 51, 50, 34, 24, 39,  0, 7
  3, 70,  0, 96, 47,100,100, 97, 74, 73, 51, 49, 40, 23, 62,  0, 7
  0, 97, 67,100, 76, 73, 62, 40, 51,  7, 38,  0, 24, 25,100, 34, 7
 32, 93, 80,100,100, 64, 63, 26, 36,  0, 96, 29, 78, 42,  0, 38, 7
  0, 95, 68,100, 84, 86, 70, 43, 67,  0, 32, 12, 38, 31,100, 38, 7
 15, 76, 35, 99, 88,100,100, 94, 71, 72, 42, 49, 17, 25,  0,  0, 7
 10, 60,  0, 85, 41, 95,100,100, 95, 78, 67, 52, 43, 27, 37,  0, 7
  0, 66,  9, 89, 55,100,100, 92, 79, 68, 50, 46, 30, 22, 47,  0, 7
  0, 82, 49,100, 98, 82, 91, 46, 73, 11, 46,  0, 38, 21,100, 19, 7
  0, 89, 51,100,100, 94, 82, 57, 64, 20, 38,  0, 38, 39, 90, 48, 7
  0, 66, 27,100,100, 92, 99, 51, 55, 15, 13,  0, 20, 35, 98, 30, 7
  0, 92, 58,100, 88, 94, 67, 47, 60,  0, 36,  1, 37, 22,100, 20, 7
  0,100, 52, 99,100, 92, 74, 57, 58, 19, 49,  0, 37, 39, 87, 45, 7
  0, 99, 59,100, 72, 82, 47, 42, 49,  0,  6, 30, 35, 39,100, 45, 7
  0, 83, 25,100, 82, 79, 79, 40, 56,  0, 10, 12, 31, 36,100, 35, 7
  9, 91, 45,100, 58, 61, 49, 18, 31,  0,  0, 35, 46, 47,100, 46, 7
  0, 64, 23,100, 74, 84, 75, 42, 61,  0,  6,  1, 36, 30,100, 37, 7
  0,100, 57,100, 96, 92, 81, 54, 70, 14, 54,  0, 45, 39,100, 48, 7
  0, 92, 36,100, 56, 70, 41, 30, 27,  0,  4, 37, 51, 43,100, 43, 7
  1, 92, 71,100,100, 72, 66, 35, 27,  0, 76, 28, 72, 52,  0, 56, 7
  9, 95, 45,100,100, 99, 71, 66, 46, 31, 28,  0,  0, 29, 56, 32, 7
 10, 88,  0, 72, 25, 97, 90,100,100, 89, 81, 56, 71, 22, 59,  0, 7
 14,100, 52,100, 72, 63, 62, 23, 33,  0,  0, 23, 50, 25,100, 27, 7
 13, 97, 54,100, 82, 64, 65, 18, 41,  0,  0, 27, 48, 38,100, 40, 7
  0, 99, 61,100, 67, 66, 51, 33, 32,  0,  2, 17, 27, 32,100, 32, 7
  8,100, 80, 98,100, 68, 66, 35, 44,  0,  0, 29, 21, 40, 98, 41, 7
  0, 95, 38,100, 62, 70, 56, 32, 46,  0, 32, 37, 57, 48,100, 51, 7
  1, 89, 62,100,100, 76, 77, 38, 58,  0, 24,  4,  0, 36, 77, 41, 7
  0, 94, 42,100, 66, 71, 59, 35, 42,  0, 14, 26, 54, 37,100, 36, 7
  0, 90,  1, 77, 32,100, 88, 99,100, 91, 77, 59, 65, 24, 62,  0, 7
  0, 56,  7, 86, 34,100, 84, 96,100, 83, 74, 57, 50, 29, 38,  0, 7
  0, 89, 38,100, 54, 60, 50, 13, 36,  0, 20, 30, 60, 39,100, 45, 7
  0, 97, 50, 99,100,100, 88, 71, 56, 37, 38,  0, 46, 38, 96, 35, 7
  0, 83, 46,100,100, 85, 84, 42, 58,  0, 29,  8, 27, 48, 94, 54, 7
  0, 98, 60,100,100, 78, 74, 38, 46,  0, 62,  1, 82, 29, 21, 42, 7
  0, 88, 37,100, 59, 63, 57, 17, 44,  0, 17, 37, 55, 49,100, 50, 7
  0, 91, 53,100, 71, 89, 53, 45, 49,  0, 18, 20, 37, 37,100, 37, 7
 27,100, 88, 86,100, 56, 90, 25, 58,  0,  0, 24,  8, 42,100, 45, 7
  0, 96, 66,100, 78, 85, 63, 42, 62,  0, 31, 19, 34, 42,100, 44, 7
  0, 94, 51,100, 73, 73, 51, 36, 24,  0, 10,  9, 38, 34,100, 40, 7
  0, 89, 42,100,100, 93, 88, 56, 59, 21, 42,  0, 32, 25, 94, 29, 7
  0, 78, 27,100, 55, 82, 58, 35, 50,  0, 36, 24, 67, 37,100, 40, 7
  8, 87,  0, 71, 24, 96, 88,100,100, 90, 84, 56, 68, 22, 53,  0, 7
  0, 93, 44,100,100, 98, 68, 66, 38, 32, 21,  0,  6, 38, 61, 34, 7
  0, 92, 43,100, 78, 76, 81, 32, 58,  0, 26,  1, 56, 31,100, 43, 7
  0, 94, 62,100, 92, 71, 80, 34, 52,  0, 21, 23, 34, 48,100, 51, 7
 21,100, 62, 95, 57, 54, 53, 13, 38,  0,  0, 19, 49, 17,100, 16, 7
  0, 88, 47,100, 96, 90,100, 59, 80, 28, 53,  0, 37, 29, 88, 25, 7
 26,100, 69, 97, 75, 64, 52, 31, 23,  0,  0, 19, 42, 32,100, 35, 7
  0, 90, 50,100, 90, 76, 93, 39, 76,  3, 26,  0, 46, 30,100, 37, 7
  0, 94, 63,100, 85, 71, 72, 35, 57,  0, 24, 26, 43, 40,100, 37, 7
  0, 87, 47,100, 96, 88,100, 54, 87, 21, 61,  0, 39, 15, 96, 17, 7
  0, 89, 25,100, 77, 80, 81, 40, 71,  0, 33, 15, 36, 41,100, 50, 7
  0, 98, 51,100, 67, 66, 57, 26, 43,  0,  6, 29, 48, 43,100, 43, 7
  0, 72, 29, 97, 79,100,100, 69, 86, 34, 65,  0, 43, 21, 88, 30, 7
  0, 94, 37,100, 65, 77, 70, 38, 61,  0, 43, 16, 62, 38,100, 46, 7
  7, 95, 47,100, 68, 69, 50, 34, 27,  0,  0, 19, 44, 31,100, 35, 7
  0, 84, 37,100, 75, 85, 75, 43, 67,  0, 47,  5, 56, 24,100, 28, 7
  0,100, 34, 97, 55, 66, 57, 32, 40,  0, 15, 22, 46, 36,100, 42, 7
  0, 83, 47, 97,100,100, 96, 68, 72, 35, 56,  0, 52, 27, 86, 43, 7
  0, 96, 64,100, 96, 70, 81, 33, 52,  0, 19, 19, 35, 49,100, 56, 7
  9, 98, 61,100, 69, 65, 54, 30, 33,  0,  0, 32, 19, 37,100, 43, 7
  0, 93, 43, 99, 92,100, 68, 52, 64,  0, 47,  0, 40, 36,100, 42, 7
 21, 95, 58,100, 68, 68, 48, 33, 23,  0,  0, 31, 42, 41,100, 44, 7
 16, 97, 76,100, 80, 61, 56, 22, 34,  0,  0, 37, 37, 45,100, 42, 7
  0, 98, 66,100, 64, 66, 32, 34,  2,  0, 47, 20,100, 47, 28, 50, 7
 18, 96,  4, 70,  0, 99, 62,100,100, 97, 82, 62, 72, 25, 64,  0, 7
  0, 99, 75,100, 83, 71, 52, 36, 27,  0,  6,  3, 22, 30,100, 34, 7
  0, 93, 60,100, 99, 88, 73, 47, 55,  5, 39,  0, 38, 34,100, 36, 7
  0, 92, 48,100, 76, 74, 70, 41, 57,  9, 38,  0, 46, 20,100, 20, 7
  0, 82, 40,100, 92, 98,100, 66, 83, 33, 65,  0, 35, 26, 81, 32, 7
 22,100, 65, 96, 82, 55, 65, 14, 38,  0,  0, 29, 48, 33,100, 33, 7
  0, 84, 44,100, 95, 94, 74, 55, 57, 16, 54,  0, 45, 40,100, 45, 7
 15, 99, 47,100, 69, 70, 52, 34, 30,  0,  0, 19, 41, 31,100, 34, 7
  0, 81, 29,100, 59, 78, 54, 35, 41,  0, 12, 30, 55, 41,100, 46, 7
  0, 91, 39,100, 75, 72, 80, 37, 79,  0, 31, 12, 38, 29,100, 29, 7
  0, 95, 43,100, 77, 72, 65, 32, 47,  0, 10, 32, 39, 52,100, 53, 7
  8, 87,  0, 83, 38, 96, 95,100,100, 82, 81, 50, 68, 16, 62,  0, 7
  6, 86, 49,100,100, 76, 61, 40, 20,  4, 41,  0, 74, 23,  0, 27, 7
  0,100, 59,100, 81, 88, 60, 45, 52,  0, 31,  7, 24, 32,100, 33, 7
 19, 94, 53,100, 69, 67, 50, 31, 21,  0,  0, 29, 49, 34,100, 37, 7
  0, 94, 63,100,100, 96, 81, 49, 82,  0, 44, 14, 11, 44, 89, 47, 7
  0, 63, 16, 90,100,100, 90, 73, 53, 40, 22,  6, 11,  0, 48, 18, 7
  0, 85, 38,100, 81, 88, 87, 50, 84, 12, 58,  0, 53, 22,100, 24, 7
  0, 98, 36,100, 80, 85, 68, 42, 56,  0, 25, 23, 50, 37,100, 32, 7
  0, 93, 62,100,100, 78, 69, 43, 50,  5, 35,  0, 15, 35, 86, 37, 7
  0,100, 61,100,100, 93, 63, 64, 36, 33, 14,  0,  9, 29, 47, 42, 7
  0, 97, 42,100, 67, 71, 53, 35, 34,  0, 16, 23, 40, 42,100, 42, 7
  0,100, 54, 98, 91, 85, 71, 52, 62, 17, 74,  0,100, 32, 42, 37, 7
  3, 96, 53,100, 81, 68, 83, 28, 72,  0,100, 34, 51, 41,  0, 43, 7
 22, 93,  0, 95, 50, 97,100,100, 67, 81, 43, 56, 28, 28, 30,  0, 7
  0,100, 67,100, 86, 72, 56, 37, 34,  0,  6, 33, 32, 45,100, 46, 7
  2, 85, 31,100, 76, 74, 62, 37, 47,  0,100,  8, 68, 30,  0, 41, 7
 24,100,100, 99, 93, 78, 64, 48, 39, 17, 19,  0,  0, 31, 72, 38, 7
  0, 78, 18, 96, 59, 95,100,100, 86, 82, 66, 56, 52, 29, 47,  0, 7
  0, 91, 46,100, 85, 80, 91, 40, 88,  0, 99, 22,100, 52, 50, 49, 7
 21, 92, 85,100, 90, 67, 67, 34, 49,  0,  0, 26, 27, 43,100, 42, 7
  0, 97, 43,100, 58, 62, 41, 17, 26,  0,  8, 36, 54, 34,100, 33, 7
  0, 87, 55,100,100, 81, 74, 41, 49,  0, 20, 10, 32, 32, 99, 35, 7
  0, 96, 45,100,100, 99, 79, 83, 60, 63, 45, 42, 36, 21, 33,  0, 7
  0, 96, 40,100, 60, 66, 58, 27, 41,  0, 20, 35, 54, 42,100, 46, 7
  0, 82, 25,100, 52, 73, 44, 34, 32,  0,  0, 29, 50, 34,100, 39, 7
  0,100, 50, 97,100, 91, 74, 63, 55, 29, 42,  0, 20, 31, 68, 36, 7
  0, 93, 45,100, 74, 75, 57, 37, 35,  0, 25, 24, 53, 41,100, 37, 7
  0, 89, 41, 94, 87,100,100, 98, 80, 75, 68, 50, 59, 25, 60,  0, 7
  0, 80, 30,100, 74, 81, 82, 43, 75,  4, 39,  0, 44, 16,100, 20, 7
  0, 95, 52,100,100, 79, 83, 44, 67,  8, 45,  0,  3, 30, 84, 38, 7
  0, 94, 46,100,100, 97, 82, 62, 48, 30, 17,  0, 18, 34, 74, 38, 7
  0, 84, 40,100, 76, 71, 65, 33, 32,  0,  5, 28, 42, 44,100, 46, 7
  0, 88, 41,100, 73, 80, 64, 40, 49,  0, 40, 13, 49, 42,100, 46, 7
  0, 89, 41,100, 89, 93,100, 62, 84, 31, 64,  0, 27, 17, 54, 34, 7
  0,100, 65, 99, 70, 66, 51, 33, 32,  0, 15, 12, 29, 39,100, 44, 7
  0, 82, 47,100, 75, 72, 52, 35, 22,  0, 16, 22, 41, 48,100, 52, 7
  0,100, 67, 94, 83, 65, 57, 33, 41,  0,  0, 20, 29, 31,100, 32, 7
 10, 78, 40,100,100, 99, 70, 53, 29, 12,  0,  0,  7, 45, 70, 55, 7
  0, 98,  4,100, 59,100,100, 87, 96, 64, 75, 43, 51, 22, 40,  0, 7
  0, 99, 50,100,100, 91, 54, 57, 32,  0, 69, 13, 70, 28, 31, 23, 7
  0, 99, 48,100,100, 96, 90, 55, 58, 15, 33,  0, 40, 40, 92, 37, 7
  0, 96, 45, 98,100,100, 97, 83, 77, 62, 60, 39, 52, 17, 55,  0, 7
  0, 92, 39,100, 67, 79, 50, 37, 24,  0, 17, 22, 52, 41,100, 46, 7
  0, 98, 40,100, 78, 88, 59, 42, 32,  0, 28, 14, 47, 41,100, 42, 7
  0, 99, 51,100,100, 96, 72, 59, 56, 16, 41,  0, 24, 39, 81, 50, 7
  0, 84, 25,100, 58, 74, 51, 37, 38,  0, 15, 20, 43, 33,100, 32, 7
  0, 94, 44,100, 84, 82,100, 47, 93, 10, 90,  0, 88, 23, 41, 26, 7
  0, 95, 50,100,100, 86, 90, 49, 66, 15, 49,  0, 23, 32, 76, 41, 7
  0, 87, 32,100, 75, 90, 64, 45, 49,  0, 82, 10,100, 33, 54, 37, 7
  0, 89, 31,100,100, 80, 94, 39, 63,  0, 22, 15,  8, 37, 95, 44, 7
  0, 98, 51,100,100, 87, 76, 48, 60,  8, 46,  0,  3, 24, 94, 26, 7
 41, 96, 99,100,100, 74, 58, 38, 28,  0,  7, 16,  0, 45, 80, 34, 7
  0, 95, 51,100, 91, 86, 81, 45, 68,  5, 55,  0, 46, 34,100, 33, 7
  0, 89, 54,100,100, 80, 82, 37, 48,  0, 11,  5, 19, 32, 76, 38, 7
  0, 79, 36,100, 82, 81, 87, 40, 70,  0, 31, 24, 45, 45,100, 50, 7
  0, 90, 47,100, 65, 69, 48, 31, 37,  0, 14, 34, 49, 40,100, 39, 7
  5,100, 93, 97,100, 74, 65, 41, 37,  8,  5,  0,  0, 24, 89, 23, 7
  0, 95, 43,100,100, 93, 64, 62, 33, 29,  1,  0,  1, 36, 72, 36, 7
  0, 78, 39,100, 82, 75, 68, 37, 54,  0,  6, 25, 35, 37,100, 37, 7
  0, 95, 54,100, 93, 79, 81, 42, 60,  7, 36,  0, 44, 27,100, 31, 7
  0, 96, 10,100, 59, 99,100, 87, 93, 64, 69, 43, 44, 22, 25,  0, 7
  0, 84, 46,100, 96, 88, 94, 50, 83, 11, 62,  0, 45, 26,100, 26, 7
 19,100, 61, 98, 62, 56, 50, 14, 29,  0,  0, 35, 50, 40,100, 39, 7
  0, 95, 37, 99, 77,100,100, 74, 98, 37, 95,  0, 70, 13, 77, 31, 7
  0, 86, 26,100, 70, 84, 77, 45, 68,  5, 54,  0, 50, 25,100, 23, 7
  0, 97, 61,100,100, 81, 88, 50, 69, 20, 51,  0, 30, 30, 90, 36, 7
  0, 83, 35,100, 71, 91, 63, 46, 57,  0, 40, 17, 60, 34,100, 34, 7
 16, 78,  0,100, 76, 92,100, 78, 77, 35, 74,  0, 98, 32, 27, 38, 7
  0, 81, 11,100, 55, 97,100, 96, 86, 76, 66, 51, 48, 26, 38,  0, 7
  0, 81,  7, 96, 58,100,100,100, 89, 75, 77, 50, 67, 25, 56,  0, 7
  0, 99, 71,100,100, 77, 72, 48, 53, 18, 40,  0,  0, 27, 66, 33, 7
 42,100, 93, 98, 79, 64, 51, 31, 15,  0,  0, 30, 25, 53,100, 52, 7
  0, 86, 46,100,100, 76, 81, 38, 58,  0, 53,  6,  8, 38, 83, 40, 7
  0,100, 53,100,100, 88, 84, 56, 61, 24, 42,  0, 18, 31, 56, 46, 7
 33, 89, 92,100,100, 91, 63, 62, 29, 31,  0,  0,  6, 29, 66, 38, 7
  0, 92, 68,100, 89, 81, 74, 40, 61,  0, 35, 13, 20, 42,100, 50, 7
  0, 97, 41,100, 68, 77, 64, 38, 51,  0, 28, 34, 56, 40,100, 37, 7
  0, 89, 61,100, 90, 74, 69, 37, 42,  2, 27,  0, 35, 30,100, 38, 7
  0, 92, 33,100, 97, 83, 82, 41, 59,  0,100,  9, 82, 37,  7, 45, 7
  0,100, 51, 85,100, 74, 63, 37, 26,  0, 15, 12, 38, 31,100, 37, 7
  0, 94, 50,100, 94,100, 73, 58, 60, 14, 43,  0, 50, 27,100, 19, 7
  0, 93, 53,100, 83, 84, 68, 43, 55,  0, 30, 22, 45, 46,100, 51, 7
  0, 95, 62,100,100, 82, 88, 50, 79, 19, 66,  0, 35, 27, 99, 37, 7
  0, 87, 46,100, 88, 85, 73, 43, 65,  0, 36, 18, 46, 42,100, 50, 7
  0, 90, 37, 98, 89,100, 67, 52, 50,  0, 33, 18, 48, 40,100, 47, 7
  0, 99, 56,100, 72, 80, 54, 41, 49,  0, 22, 18, 41, 36,100, 39, 7
  0, 94, 61,100,100, 77, 83, 44, 58, 13, 44,  0, 25, 29, 97, 36, 7
  0, 68, 27,100, 73, 93, 73, 52, 54, 12, 50,  0, 49, 34,100, 38, 7
  0, 74, 36,100, 64, 74, 54, 37, 37,  0, 23, 12, 38, 39,100, 43, 7
  0, 92, 51,100,100, 98, 83, 57, 71, 14, 59,  0, 44, 33, 97, 42, 7
  0, 94, 22,100, 71, 94, 70, 51, 61,  0, 42,  9, 52, 32,100, 20, 7
 10, 71, 57,100, 91, 76, 65, 37, 30,  0,  0, 11, 30, 31,100, 33, 7
  0, 95, 31,100, 78, 97, 54, 47, 23,  0, 17,  5, 44, 39,100, 48, 7
  0, 99, 91,100, 79, 69, 60, 35, 50,  0, 17,  3,  9, 28,100, 37, 7
  4, 92, 45,100,100, 91, 59, 52, 32,  5, 15,  0,  0, 38, 65, 38, 7
 14,100, 66, 86, 66, 57, 50, 28, 31,  0,  0,  9, 25, 29,100, 30, 7
  0, 90, 59,100,100, 79, 72, 40, 55,  0, 40,  1,  9, 30, 84, 31, 7
  0, 96, 59,100, 86, 72, 68, 36, 48,  0, 16, 13, 38, 34,100, 37, 7
  0, 93, 44,100, 79, 72, 76, 35, 53,  0, 29,  2, 43, 28,100, 32, 7
  0, 99,  8, 99, 70,100,100, 99, 60, 78, 33, 52, 15, 25, 22,  0, 7
  0, 80, 33,100, 65, 77, 63, 39, 58,  0, 35, 25, 55, 39,100, 41, 7
  0, 91, 19, 97, 69,100,100, 85, 84, 62, 59, 41, 33, 21,  7,  0, 7
  0,100, 38,100, 70, 74, 55, 30, 26,  0, 19, 44, 59, 50,100, 54, 7
  0,100, 37, 94, 47, 55, 46, 15, 37,  0,  6, 29, 53, 34,100, 37, 7
  0, 90, 67,100, 85, 68, 65, 34, 40,  0,  4, 16, 14, 40,100, 44, 7
  0,100, 14, 96, 75, 97,100, 89, 61, 71, 40, 48, 36, 23, 47,  0, 7
  0, 82, 38,100, 74, 76, 49, 36, 15,  0,  6, 11, 35, 38,100, 43, 7
  0,100, 55, 98,100, 80, 98, 51, 80, 22, 72,  0, 91, 28, 71, 43, 7
  0, 86, 55,100, 73, 70, 50, 35, 29,  0,  3, 32, 38, 45,100, 41, 7
  0, 94, 49, 99,100,100, 73, 67, 54, 26, 45,  0, 22, 39, 71, 50, 7
  0, 90, 40,100, 97, 93,100, 54, 98, 14, 71,  0, 32, 19, 91, 27, 7
  0, 89, 26,100, 35, 51, 32,  0, 13, 13, 22, 32, 60, 40,100, 46, 7
  0, 91,  0, 97, 52,100,100, 93,100, 69, 78, 47, 58, 24, 44,  0, 7
  0, 98, 49,100,100, 99, 88, 65, 61, 33, 34,  0, 21, 18, 44, 41, 7
 30, 93, 70,100, 88, 63, 86, 23, 85,  0,100, 30, 50, 34,  0, 34, 7
  4, 91, 47,100,100, 87, 68, 44, 45,  0, 25,  5,  0, 36, 76, 35, 7
  0,100, 30, 99, 67, 97,100, 93, 72, 75, 53, 51, 44, 23, 52,  0, 7
  4, 86, 54,100, 85, 72, 80, 32, 76,  0,100, 37, 48, 40,  0, 38, 7
 10, 99, 36, 98,100,100, 91, 68, 58, 34, 24,  0,  0,  3, 36, 22, 7
  0, 93, 69,100, 98, 69, 71, 35, 35,  4, 13,  0, 24, 35,100, 35, 7
  0, 99, 65,100,100, 97, 57, 62, 36, 16, 19,  0,  2, 36, 69, 40, 7
  0, 93, 46,100,100, 80, 85, 47, 47, 18, 26,  0, 19, 33, 90, 30, 7
  0, 98, 58,100, 55, 67, 55, 32, 69,  0, 33, 16, 42, 36,100, 46, 7
  0, 74, 13,100, 55,100,100, 98, 79, 80, 59, 55, 45, 28, 42,  0, 7
  0,100, 73,100,100, 88, 71, 50, 60, 10, 46,  0, 20, 35, 97, 38, 7
  0, 88, 52,100, 68, 67, 50, 33, 23,  0,  9, 27, 30, 51,100, 58, 7
 53, 81, 99,100, 97, 65, 61, 32, 22,  0,  0, 20, 36, 39,100, 48, 7
  0,100, 27, 97, 63, 94,100, 93, 86, 76, 59, 54, 45, 24, 49,  0, 7
  0, 98, 50,100,100, 96, 73, 63, 43, 31, 13,  0, 11, 19, 46, 32, 7
  0, 97, 62,100, 99, 84, 77, 50, 62, 15, 52,  0, 26, 33,100, 38, 7
  0, 98, 10,100, 61, 98,100, 85, 77, 63, 47, 43, 20, 23,  3,  0, 7
  0, 97, 11,100, 62, 98,100, 85, 94, 62, 72, 42, 48, 21, 44,  0, 7
  0, 82, 58,100, 92, 74, 68, 38, 38,  2, 19,  0, 29, 37,100, 41, 7
  2, 94, 93,100,100, 78, 86, 39, 74,  0, 37, 10,  0, 43,100, 43, 7
  0, 96, 40,100, 59, 67, 42, 25, 26,  0, 14, 38, 57, 45,100, 48, 7
  0, 86, 44,100, 85, 86, 62, 42, 34,  0, 21,  4, 45, 38,100, 43, 7
  0, 89, 44,100, 91, 89, 77, 53, 63, 17, 83,  0,100, 15, 50, 20, 7
  0, 80, 32,100, 64, 76, 58, 36, 46,  0, 11, 30, 47, 39,100, 41, 7
  0, 85, 48,100,100, 82, 87, 39, 56,  0, 30,  1, 25, 28, 88, 33, 7
  0, 94, 69,100, 97, 69, 72, 34, 49,  0, 90, 32,100, 50, 19, 49, 7
  0, 92, 50, 96,100,100, 79, 70, 54, 36, 36,  0, 29, 26, 79, 31, 7
  3, 81, 57,100,100, 92, 63, 49, 23,  7,  0,  0, 30, 32, 93, 34, 7
  0, 94, 46,100,100, 99, 76, 54, 55,  5, 29,  0, 30, 28, 84, 17, 7
  0, 93, 43,100, 91, 87, 70, 44, 50,  0, 35,  5, 39, 44,100, 53, 7
  0,100, 44, 97, 54, 61, 41, 23, 23,  0,  9, 38, 52, 44,100, 41, 7
  0, 88, 52,100,100, 77, 75, 39, 44,  2, 17,  0, 15, 30, 87, 38, 7
  0, 95, 70,100,100, 77, 69, 41, 38,  4,  0,  0, 10, 22, 92, 26, 7
  0, 99, 36,100, 93, 97,100, 64, 83, 32, 61,  0, 28, 28, 76, 40, 7
  1, 91, 50,100, 58, 67, 32, 32, 16,  0,  0, 38, 40, 49,100, 49, 7
  0, 72, 29,100, 59, 79, 58, 23, 42,  0, 30, 30, 65, 47,100, 64, 7
  0,100, 57, 98,100,100, 76, 62, 58, 23, 53,  0, 30, 36, 88, 43, 7
  0, 93, 58,100, 97, 74, 73, 41, 41,  9, 27,  0, 19, 27,100, 33, 7
  0, 88, 39,100, 77, 83, 77, 42, 72,  0, 42, 11, 54, 27,100, 26, 7
  0, 91, 42,100, 63, 76, 53, 38, 54,  0, 40,  4, 48, 29,100, 36, 7
  0, 82, 31,100, 48, 57, 50,  5, 35,  0, 32, 28, 66, 44,100, 62, 7
  0, 85, 31,100, 59, 73, 55, 36, 46,  0, 27, 26, 47, 40,100, 39, 7
  0,100, 73, 99, 62, 66, 34, 33, 14,  0,  5, 15, 19, 43,100, 43, 7
  0,100, 50, 91, 68, 60, 58, 29, 26,  0,  9, 18, 23, 45,100, 49, 7
  0, 95, 48,100, 89, 80, 78, 38, 51,  0, 27, 21, 51, 39,100, 31, 7
  0, 99, 73,100,100, 80, 56, 47, 33,  7, 10,  0,  7, 33, 81, 35, 7
  0, 83, 42,100,100, 86, 75, 43, 50,  0, 11, 15,  2, 27, 69, 29, 7
  0, 97, 10,100, 55, 93,100, 89, 72, 67, 46, 45, 37, 18, 41,  0, 7
  0, 90, 38,100, 68, 70, 59, 33, 32,  0,  2, 27, 35, 42,100, 41, 7
  0, 93, 53,100, 89, 75, 85, 37, 73,  0, 48,  1, 44, 29,100, 25, 7
  8, 92, 67,100, 87, 82, 62, 40, 31,  0,  0, 14, 38, 30,100, 27, 7
  0, 66, 25,100, 48, 70, 43, 23, 26,  0, 21, 33, 60, 46,100, 61, 7
  0,100, 53, 95, 80, 66, 69, 30, 66,  0,100, 30, 61, 36,  7, 39, 7
  0, 76, 42,100, 66, 75, 46, 38, 43,  0, 22, 19, 45, 36,100, 39, 7
 39, 88, 82,100,100, 68, 68, 34, 34,  0, 16, 10,  0, 45, 78, 50, 7
  0, 72, 32, 91, 77,100,100, 88, 87, 45, 75,  0, 61, 15, 89, 34, 7
  0, 94, 32,100, 77, 98,100, 81, 83, 60, 60, 40, 38, 20, 22,  0, 7
  0, 85, 21,100, 72, 84, 65, 43, 56,  0, 37,  1, 42, 28,100, 28, 7
  0, 85, 43,100, 92, 96,100, 59, 84, 21, 58,  0, 38, 29, 87, 34, 7
  0, 91, 61,100, 78, 69, 58, 34, 56,  0, 38, 28, 34, 48,100, 45, 7
  0, 90, 57,100, 63, 71, 46, 36, 40,  0, 10, 12, 39, 32,100, 39, 7
  0, 96, 46,100, 64, 67, 45, 31, 12,  0, 10, 30, 50, 55,100, 68, 7
  0,100, 72, 99,100, 86, 62, 45, 38,  0,  5, 13, 23, 41, 97, 44, 7
 24, 77, 73,100,100, 77, 62, 37, 21,  0,  0,  9, 25, 39, 84, 31, 7
 49, 91, 98,100, 96, 66, 59, 32, 17,  0,  0, 16, 38, 40,100, 48, 7
  0, 91, 32,100, 65, 97, 92, 76,100, 38, 95,  0, 68, 25, 91, 35, 7
 18, 87,  0, 92, 50, 96,100,100, 71, 78, 47, 54, 33, 27, 35,  0, 7
  0, 98, 43,100, 68, 70, 66, 35, 56,  0, 39, 32, 49, 51,100, 55, 7
  0, 85, 34,100, 85, 78, 75, 38, 56,  0, 14, 16, 29, 37,100, 37, 7
  0, 95, 44,100, 76, 78, 72, 39, 63,  0, 52, 12, 54, 40,100, 46, 7
  0, 88, 37,100, 82, 90, 70, 46, 68,  0,100,  3, 93, 30, 46, 38, 7
  0,100, 50, 99, 47, 69, 32, 35, 20,  0, 10, 29, 44, 44,100, 47, 7
  0, 91, 49, 96,100,100, 67, 62, 54, 18, 38,  0, 21, 38, 83, 40, 7
  0, 89, 20, 97, 64,100,100, 90, 95, 66, 78, 44, 57, 22, 40,  0, 7
  0,100, 51, 99,100, 78, 80, 42, 60,  7, 79,  0, 98, 27, 30, 38, 7
  0, 98, 52,100,100, 85, 90, 57, 73, 29, 73,  0,100, 18, 79, 35, 7
  0, 91, 28,100, 73, 91, 55, 46, 40,  0, 28,  8, 44, 38,100, 45, 7
  0, 93, 60,100, 65, 66, 51, 33, 35,  0, 11, 23, 31, 37,100, 38, 7
  0, 97, 54,100, 84, 70, 76, 35, 59,  0, 35, 15, 33, 39,100, 41, 7
 32, 92, 75,100, 79, 63, 56, 28, 29,  0,  0, 33, 42, 46,100, 48, 7
  0, 89, 78,100,100, 82, 66, 45, 58,  5, 33,  0, 12, 26, 98, 36, 7
  0, 94, 44,100, 80, 86, 57, 43, 33,  0, 28,  2, 41, 38,100, 44, 7
  0, 90, 31,100, 74, 82, 68, 39, 46,  0, 36,  6, 49, 41,100, 54, 7
  0,100, 85, 97,100, 69, 65, 38, 28,  7, 13,  0, 13, 34, 92, 41, 7
  0, 88, 37,100, 78, 81, 76, 41, 78,  0, 31, 17, 47, 37,100, 43, 7
  0, 87, 37,100, 59, 64, 45, 15, 27,  0, 20, 38, 60, 44,100, 51, 7
  0,100, 45, 94, 69, 70, 56, 35, 42,  0, 15, 19, 45, 33,100, 35, 7
  0, 88, 44,100,100, 85, 88, 45, 60,  8, 25,  0, 32, 25, 98, 27, 7
  3, 90, 41,100,100,100, 89, 68, 54, 33, 19,  0,  0, 15, 54, 23, 7
  0,100, 70, 95,100, 71, 70, 38, 37,  4, 10,  0, 22, 28, 97, 30, 7
 13, 85, 76,100,100, 69, 74, 35, 40,  1, 12,  0,  0, 33, 81, 37, 7
  0,100, 52, 98,100, 88, 56, 59, 41, 19, 60,  0, 41, 30, 92, 36, 7
  0, 93, 64,100,100, 80, 76, 44, 52,  8, 27,  0, 30, 24, 96, 31, 7
 27,100,100, 93, 78, 62, 53, 31, 28,  0,  0, 13,  3, 33, 92, 35, 7
  3, 97, 90,100,100, 71, 75, 38, 61,  4, 31,  0,  0, 26, 90, 28, 7
  0, 94, 28,100, 65,100,100, 97, 79, 75, 61, 51, 50, 26, 48,  0, 7
 13,100, 59, 98, 64, 58, 37, 21, 15,  0,  0, 41, 49, 49,100, 55, 7
 14, 83, 51,100,100, 84, 54, 50, 16, 15,  0,  0, 11, 34, 92, 38, 7
  0,100, 57, 95, 62, 63, 46, 31, 25,  0,  4, 22, 39, 43,100, 43, 7
  1, 99, 58,100,100, 91, 69, 61, 33, 30,  1,  0,  0, 33, 57, 36, 7
  0, 93, 54,100, 80, 69, 70, 35, 66,  0, 28, 27, 19, 47,100, 52, 7
  0, 96, 37,100,100, 89, 86, 43, 55,  0, 30,  0, 10, 38, 75, 41, 7
  0, 96, 77,100,100, 84, 67, 46, 47,  5, 33,  0, 10, 34, 88, 39, 7
  0, 81, 34,100, 62, 73, 54, 36, 39,  0, 12, 16, 50, 27,100, 30, 7
  0, 95, 53,100, 91, 86, 78, 47, 68,  7, 47,  0, 24, 24,100, 27, 7
  0, 89, 34,100, 57, 72, 51, 34, 44,  0, 12, 28, 55, 36,100, 37, 7
  0, 90, 41,100, 90, 74, 81, 36, 51,  0, 36,  1, 24, 36,100, 40, 7
  0, 95, 53,100,100, 93, 76, 60, 51, 27, 31,  0, 33, 35, 91, 41, 7
  0, 93, 43,100, 66, 77, 59, 39, 59,  0, 40, 22, 54, 42,100, 50, 7
 13, 76, 64,100, 87, 72, 52, 35, 11,  0,  0, 15, 35, 37,100, 36, 7
  0, 94, 60,100, 75, 82, 65, 51, 63, 20, 62,  0, 39, 28,100, 38, 7
  0,100, 47, 86,100, 79, 68, 52, 42, 23, 30,  0, 66, 25, 82, 40, 7
 11, 83, 41,100, 47, 67, 25, 35,  8,  0,  0, 31, 49, 32,100, 31, 7
  0, 93, 41,100, 78, 79, 66, 40, 60,  0,100, 14, 76, 32, 26, 35, 7
  0, 95, 44,100, 74, 82, 65, 41, 57,  0, 42, 11, 55, 31,100, 32, 7
  0, 90, 42,100, 69, 78, 62, 39, 56,  0, 31,  3, 42, 29,100, 34, 7
  0, 88, 37,100, 85, 90, 63, 46, 48,  0, 27, 18, 45, 37,100, 38, 7
  0, 92, 39,100,100, 99, 78, 65, 44, 32,  9,  0,  4, 24, 56, 34, 7
  0, 96, 41,100, 86, 89, 99, 57, 95, 23, 87,  0, 64, 30,100, 44, 7
  0, 87, 47,100, 96, 94,100, 57, 77, 22, 49,  0, 26, 29, 76, 37, 7
  0, 96, 58,100, 76, 75, 51, 38, 34,  0,  0,  8, 34, 26,100, 28, 7
  0, 78, 54,100,100, 81, 78, 43, 49,  8, 35,  0, 32, 38, 95, 49, 7
  0, 83, 37, 99, 81,100,100, 74, 84, 36, 65,  0, 33,  8, 55, 27, 7
  0, 93, 43,100, 70, 72, 68, 34, 56,  0, 31, 32, 52, 48,100, 53, 7
 12, 96, 75,100,100, 69, 74, 35, 47,  0, 23, 13,  0, 43, 98, 44, 7
 31, 90, 63,100,100, 76, 75, 36, 56,  0, 96, 34, 61, 43,  0, 45, 7
 34,100, 90, 97,100, 73, 64, 45, 34, 15, 15,  0,  0, 32, 57, 30, 7
  0, 83, 63,100,100, 82, 84, 52, 58, 23, 23,  0,  0, 29, 76, 33, 7
 14, 73, 60,100,100, 93, 74, 55, 38, 20,  0,  0,  2, 35, 63, 28, 7
  0, 96, 55,100,100, 84, 96, 52, 74, 21, 52,  0, 19, 27, 67, 39, 7
  0, 82, 36,100, 77, 84, 78, 43, 73,  3, 50,  0, 48, 26,100, 32, 7
  0, 93, 44,100, 90, 91, 76, 48, 64,  4, 49,  0, 52, 30,100, 29, 7
  0, 94, 48, 98, 96,100, 98, 68, 84, 32, 68,  0, 52, 30,100, 30, 7
  0, 81, 23,100, 73, 96, 52, 46, 26,  0, 12, 19, 46, 42,100, 48, 7
  0, 79, 23,100, 66, 78, 66, 39, 56,  0, 30,  1, 41, 27,100, 29, 7
  2,100, 58, 99, 63, 67, 38, 34, 19,  0,  0, 32, 42, 44,100, 44, 7
  0, 92, 49,100,100, 83, 80, 45, 71,  6, 64,  0, 36, 31,100, 42, 7
  0, 86, 73,100,100, 96, 71, 61, 36, 25,  3,  0,  6, 38, 85, 43, 7
  0, 99, 45,100, 68, 72, 41, 34, 16,  0,  9, 41, 54, 43,100, 41, 7
  0,100,  7,100, 89,100,100, 98, 55, 76, 29, 50, 12, 24, 14,  0, 7
  0, 92, 42, 97, 86,100, 72, 54, 60,  0, 40,  0, 56, 22,100, 21, 7
 14, 91,  0, 96, 56,100,100, 90, 87, 66, 62, 44, 35, 22, 10,  0, 7
  4,100, 36, 99, 44, 59, 39, 20, 29,  0,  0, 31, 49, 39,100, 42, 7
  0, 97, 41,100, 78, 89, 53, 46, 35,  0, 14, 31, 47, 47,100, 54, 7
  0, 90, 41,100, 58, 78, 42, 40, 32,  0,  5, 24, 51, 35,100, 36, 7
  0, 67, 46, 91,100,100, 83, 56, 52, 15, 22,  0, 29, 28, 85, 29, 7
  0, 94, 45,100, 92, 79, 83, 37, 56,  0, 36, 16, 44, 44,100, 45, 7
  0, 93, 46,100, 76, 80, 70, 40, 66,  0, 44, 15, 51, 41,100, 39, 7
  7,100, 40, 89, 37, 48, 21,  9,  0,  0,  3, 40, 48, 58,100, 65, 7
  0,100, 39, 98, 70, 69, 48, 33, 22,  0,  1, 37, 45, 44,100, 46, 7
  8, 85, 67,100, 74, 68, 44, 34, 12,  0,  0, 31, 34, 46,100, 46, 7
  0, 94, 53,100, 94, 77, 79, 37, 53,  0, 37,  1, 50, 40,100, 57, 7
  0, 88, 34,100, 92, 80, 89, 39, 62,  0, 38, 14, 32, 41,100, 41, 7
  8, 97, 63,100, 67, 65, 56, 30, 45,  0,  0, 27, 29, 40,100, 40, 7
  0,100, 34, 94, 70, 90,100, 85, 78, 64, 57, 41, 42, 15, 43,  0, 7
  0, 82, 10, 99, 54, 99, 98,100,100, 80, 78, 55, 62, 28, 57,  0, 7
  0,100, 36, 90,100, 85, 66, 61, 35, 19, 33,  0, 63, 34, 25, 28, 7
 47, 82, 83,100,100, 67, 67, 33, 28,  0,  1, 14,  0, 41, 78, 35, 7
  0, 80,  7,100, 93,100, 98, 68, 64, 26, 41,  0, 15, 41,100, 48, 7
  4, 99, 50,100,100, 97, 65, 57, 37, 12, 16,  0,  0, 39, 55, 45, 7
  2, 98, 80,100,100, 75, 56, 39, 26,  0,  5,  1,  0, 28, 80, 29, 7
  0, 85, 42,100, 79, 80, 70, 40, 75,  0, 44, 14, 42, 39,100, 48, 7
  0, 93, 45,100, 75, 73, 73, 36, 61,  0, 34, 29, 49, 45,100, 51, 7
  0, 86, 35, 97,100,100, 73, 67, 48, 34, 21,  0, 18,  5, 56, 24, 7
  0, 93, 43,100, 78, 77, 60, 39, 52,  0, 34, 12, 43, 38,100, 32, 7
  0,100, 46,100, 86, 84, 68, 43, 56,  0, 40,  9, 50, 34,100, 34, 7
  0,100, 38,100, 65, 72, 60, 36, 52,  0, 40, 17, 46, 41,100, 45, 7
  0,100, 64, 95,100, 88, 72, 50, 47, 11, 19,  0, 18, 30, 84, 27, 7
  0, 81, 24,100, 92, 97, 98, 52, 80,  5, 34,  0, 32, 23,100, 33, 7
  0,100, 53, 97,100, 96, 71, 58, 57, 14, 44,  0, 33, 35, 90, 38, 7
  0,100, 58, 94,100, 91, 61, 59, 32, 20,  8,  0, 20, 33, 80, 34, 7
  0, 72, 28,100, 53, 77, 53, 24, 42,  0, 36, 34, 68, 49,100, 67, 7
  0,100, 64,100,100, 70, 88, 32, 57,  0, 96, 30, 82, 43, 16, 44, 7
  0, 88, 53, 96,100,100, 73, 66, 50, 31, 26,  0,  4, 34, 48, 33, 7
  0, 96, 41,100,100, 88, 59, 49, 34,  0, 53,  4, 64, 33,  8, 34, 7
  0, 95, 43,100,100, 92, 85, 70, 48, 32, 54,  0, 93, 35, 50, 38, 7
  0, 94, 47, 97, 97,100, 92, 56, 84, 13, 67,  0, 48, 19,100, 23, 7
 43,100, 86, 85, 72, 56, 51, 28, 40,  0,  0, 23, 28, 38,100, 42, 7
  0, 96, 40,100, 70, 75, 57, 37, 41,  0, 22, 36, 50, 51,100, 57, 7
 29,100, 92, 94,100, 68, 78, 41, 55, 13, 29,  0,  0, 26, 63, 32, 7
  0, 90, 53,100, 86, 75, 75, 38, 66,  0, 93,  4,100, 33, 42, 40, 7
  0, 93, 35,100, 84,100,100, 81, 85, 61, 70, 40, 55, 20, 52,  0, 7
  0, 95, 49,100, 83, 77, 72, 38, 60,  0, 42,  4, 49, 28,100, 29, 7
 10, 94,  0, 98, 65,100,100,100, 66, 76, 47, 49, 36, 22, 52,  0, 7
  0, 87, 46,100, 72, 72, 61, 35, 42,  0, 23, 30, 49, 50,100, 58, 7
  0, 94, 34, 97,100,100, 59, 58, 34, 10, 18,  0, 21, 37, 91, 44, 7
 14, 64, 18,100,100, 95, 84, 67, 50, 28, 30,  0,  0, 39, 72, 42, 7
  0, 99, 66,100,100, 79, 68, 41, 48,  1, 25,  0, 21, 23, 88, 25, 7
 16, 90, 61,100, 76, 63, 61, 26, 31,  0,  0, 32, 43, 30,100, 38, 7
  0, 88, 43,100, 78, 81, 78, 43, 79,  5, 60,  0, 50, 24,100, 31, 7
  0, 83, 28,100, 85, 88, 74, 43, 43,  0,  8,  0, 38, 20,100, 25, 7
  0, 95, 32,100, 78, 94, 73, 55, 61, 13, 50,  0, 53, 32,100, 32, 7
  2, 97, 55,100, 67, 65, 41, 25, 17,  0,  0, 43, 45, 46,100, 32, 7
  0, 98, 41,100, 79, 81, 65, 41, 57,  0, 40, 18, 50, 40,100, 39, 7
 32, 78, 92,100,100, 72, 68, 38, 29,  6,  0,  0,  0, 32, 81, 35, 7
  0, 99, 28,100, 65, 95,100, 89, 95, 66, 72, 43, 50, 18, 45,  0, 7
  0, 94, 41,100, 71, 77, 53, 39, 42,  0, 15, 32, 47, 42,100, 40, 7
  0, 93, 57,100,100, 86, 71, 43, 41,  1, 22,  0, 23, 35, 82, 41, 7
  0, 96, 45,100, 56, 68, 51, 33, 48,  0, 29, 32, 50, 50,100, 52, 7
  2, 78, 35, 98,100,100, 84, 65, 54, 32, 20,  0,  0, 29, 60, 33, 7
  0, 97, 90,100, 81, 71, 52, 36, 37,  0, 16, 13,  7, 42,100, 43, 7
 12, 97,  0,100, 58, 98,100, 84, 93, 62, 71, 41, 46, 21, 32,  0, 7
  0, 88, 55,100,100, 87, 65, 48, 39,  4, 19,  0, 22, 35, 87, 42, 7
 25,100, 58, 96, 81, 69, 54, 34, 29,  0,  0, 34, 48, 44,100, 48, 7
  0, 92, 56,100,100, 95, 73, 55, 59, 12, 43,  0, 26, 31, 87, 32, 7
 11, 81, 60,100,100, 89, 69, 55, 31, 24,  0,  0,  7, 39, 64, 43, 7
  0,100, 51, 99, 70, 67, 57, 27, 59,  0,100, 26, 57, 41,  5, 40, 7
  0, 86, 57,100,100, 78, 71, 46, 36, 14, 30,  0,  4, 32, 74, 34, 7
  8, 83, 69,100,100, 69, 82, 34, 51,  0, 15, 22,  0, 37, 89, 39, 7
  0, 93, 63,100,100, 90, 89, 47, 77,  5, 51,  0, 27, 26, 94, 36, 7
 34,100,100, 87, 82, 58, 55, 29, 42,  0,  3,  7,  0, 27, 85, 35, 7
 15,100, 99, 97,100, 78, 68, 41, 40,  2, 29,  0,  0, 36, 81, 45, 7
 26, 73, 35,100,100, 97, 78, 68, 46, 35, 26,  0,  0, 31, 52, 30, 7
  0, 82, 35,100, 78, 74, 71, 36, 48,  0, 27, 16, 34, 40,100, 42, 7
  0,100, 67,100,100, 80, 70, 43, 42,  4, 12,  0, 23, 30, 92, 35, 7
  0,100, 55, 94, 72, 63, 54, 31, 32,  0, 13,  8, 39, 28,100, 27, 7
  0,100, 58, 94, 73, 68, 54, 34, 34,  0, 19,  1, 40, 21,100, 19, 7
  6, 98, 50,100, 76, 67, 64, 24, 67,  0,100, 25, 52, 46,  0, 58, 7
  0, 91, 34,100, 62, 78, 58, 38, 46,  0, 31, 34, 57, 55,100, 59, 7
  0,100,  3,100, 52, 99,100,100, 73, 86, 50, 57, 32, 27, 34,  0, 7
  0, 92, 33,100, 95, 80, 83, 40, 56,  0, 35,  9, 20, 36,100, 43, 7
 16, 95, 46,100,100, 95, 72, 63, 39, 32,  6,  0,  0, 32, 56, 35, 7
  0, 97, 38,100, 89, 75, 59, 37, 25,  0,  8, 12, 29, 41,100, 39, 7
  4,100, 59, 90, 66, 56, 56, 22, 39,  0,  0, 30, 16, 49,100, 47, 7
 28, 90, 97,100,100, 68, 61, 33, 18,  0,  0,  8,  7, 29, 82, 31, 7
  0, 75, 38,100, 90, 90, 90, 48, 76,  6, 55,  0, 48, 43,100, 55, 7
  0, 75,  8,100, 52, 99, 96, 98,100, 81, 83, 54, 68, 27, 58,  0, 7
  0, 90, 22,100, 93, 85, 76, 42, 53,  0, 32,  1, 17, 34,100, 39, 7
  0, 99, 27,100, 64, 95,100, 87, 77, 63, 58, 36, 41,  7, 32,  0, 7
  0, 81, 41,100, 60, 72, 43, 35, 20,  0,  5, 35, 48, 49,100, 48, 7
  0, 97, 68,100, 66, 69, 55, 35, 54,  0, 31,  1, 32, 25,100, 33, 7
  0, 83, 36,100, 66, 78, 53, 39, 41,  0, 24, 34, 56, 50,100, 55, 7
  0, 96, 27,100, 73, 99,100, 83, 85, 60, 60, 40, 33, 20,  8,  0, 7
 13, 92, 85,100, 97, 71, 68, 35, 31,  0,  0, 12, 25, 34,100, 30, 7
 11, 91, 57,100,100, 93, 66, 62, 33, 29,  5,  0,  0, 35, 60, 37, 7
  0, 92, 39, 99,100,100, 82, 66, 50, 33, 17,  0, 19, 17, 65, 30, 7
 19, 94, 78,100,100, 82, 67, 50, 34, 20,  0,  0, 13, 31, 74, 33, 7
 17, 97, 67,100,100, 76, 73, 40, 33,  6,  0,  0, 15, 30, 94, 29, 7
  0, 92, 52,100, 81, 74, 53, 40, 25,  6, 12,  0,  5, 30,100, 38, 7
  0, 98, 72,100, 73, 70, 57, 36, 50,  0, 18,  2, 26, 27,100, 36, 7
  0, 90, 33,100, 48, 60, 50, 16, 39,  0, 15, 26, 58, 34,100, 42, 7
  0, 96, 41,100, 76, 87, 55, 44, 36,  0, 34, 16, 55, 42,100, 47, 7
  0,100, 15, 84, 57, 75,100, 68, 77, 55, 53, 34, 29, 13, 16,  0, 7
  0, 92, 22, 99, 68,100,100, 87, 83, 64, 56, 44, 32, 23, 16,  0, 7
  0, 94, 60,100,100, 79, 86, 44, 66, 10, 43,  0, 16, 32, 74, 43, 7
  7, 89, 52,100, 93, 70, 80, 27, 68,  0,100, 39, 66, 53,  0, 52, 7
  0, 90, 37,100, 58, 69, 55, 32, 47,  0, 25, 33, 55, 44,100, 46, 7
  0, 99, 39,100, 65, 72, 49, 30, 23,  0,  8, 36, 53, 43,100, 47, 7
  0, 83, 32,100, 84, 74, 68, 36, 37,  0,  7, 23, 18, 45,100, 52, 7
  0, 76, 70,100,100, 79, 60, 40, 25,  0,  8,  1, 12, 38,100, 47, 7
 10, 95, 64,100, 82, 67, 70, 30, 73,  0,100, 33, 52, 38,  0, 42, 7
 35, 97, 68,100,100, 69, 75, 34, 44,  0, 91, 15, 75, 34,  0, 33, 7
  0, 89, 44,100,100, 73, 88, 35, 46,  0, 12,  9, 11, 35, 92, 34, 7
  0, 88, 20,100, 80, 92, 88, 52, 73,  9, 54,  0, 38, 28,100, 28, 7
  0, 93, 68,100, 78, 79, 65, 43, 60,  8, 40,  0, 30, 28,100, 37, 7
  0, 95, 54,100, 85, 75, 61, 38, 55,  0, 28, 12, 36, 36,100, 23, 7
  0, 90, 38,100, 87, 93, 90, 56, 77, 16, 64,  0, 50, 29,100, 28, 7
  9, 96, 62,100, 81, 67, 53, 31, 19,  0,  0, 37, 29, 47,100, 47, 7
  0,100, 56, 97, 82, 65, 74, 31, 39,  0,  3,  5, 23, 34,100, 43, 7
  0, 87, 39,100, 61, 70, 47, 27, 36,  0, 11, 33, 55, 35,100, 39, 7
  0, 95, 38,100, 78, 80, 63, 40, 49,  0, 24, 14, 46, 34,100, 36, 7
  0,100, 75, 94, 72, 59, 56, 22, 45,  0,  8, 32, 20, 43,100, 41, 7
  0, 79, 40,100, 78, 73, 61, 35, 31,  0, 30, 22, 31, 45,100, 45, 7
  0, 91, 44, 97, 96,100, 84, 54, 65,  9, 44,  0, 46, 27,100, 26, 7
 26, 97, 29,100, 75, 99,100, 83, 82, 61, 56, 39, 27, 20,  0,  0, 7
  0, 91, 44,100, 79, 74, 64, 37, 53,  0, 27, 23, 40, 38,100, 39, 7
  0, 94, 45,100, 54, 68, 47, 34, 40,  0, 13, 29, 47, 41,100, 46, 7
  0, 91,  7, 98, 47,100, 85, 94,100, 72, 85, 47, 66, 24, 52,  0, 7
 23, 95,  0, 97, 52,100,100, 93, 98, 68, 74, 45, 47, 23, 31,  0, 7
 25, 88, 98,100, 95, 66, 65, 33, 75,  0,  5, 22,  0, 37,100, 39, 7
  0, 91, 40,100,100,100, 91, 61, 77, 21, 62,  0, 29, 35, 81, 44, 7
  0, 91, 52,100,100, 85, 96, 48, 79, 12, 50,  0, 28, 25, 83, 22, 7
  0, 88, 40,100, 79, 86, 67, 44, 64,  0,100, 15, 70, 32, 23, 37, 7
  0, 89, 44,100, 72, 73, 71, 36, 70,  0, 56, 11, 49, 32,100, 29, 7
  0, 90, 43,100,100, 90, 91, 57, 72, 25, 50,  0, 14, 26, 74, 38, 7
  0, 91, 55,100, 71, 69, 62, 33, 64,  0, 22, 27, 36, 40,100, 40, 7
  1, 87, 38,100, 49, 63, 34, 22, 16,  0,  0, 29, 49, 24,100, 22, 7
  0, 85, 50,100, 88, 73, 66, 35, 29,  0,  5,  5, 41, 38,100, 52, 7
 19,100, 84, 89, 84, 59, 63, 29, 37,  0,  0,  9, 16, 32,100, 31, 7
  0, 85, 48,100, 84, 89, 73, 48, 65,  6, 48,  0, 37, 28,100, 33, 7
  0, 98, 53,100, 88, 82, 63, 40, 33,  0, 36,  6, 39, 43,100, 47, 7
  0, 98, 60,100, 94, 82, 69, 42, 50,  0, 26,  5, 18, 31,100, 28, 7
  0,100, 85, 99,100, 84, 75, 50, 66, 14, 51,  0, 11, 33, 91, 39, 7
  0, 87, 38,100, 74, 83, 74, 40, 55,  0, 32, 34, 60, 45,100, 55, 7
  0, 91, 45,100, 87, 92, 61, 45, 30,  0, 22,  4, 40, 39,100, 38, 7
  0,100, 53, 97, 91, 69, 72, 29, 31,  0,  5, 35, 46, 49,100, 41, 7
 13, 93, 79,100, 87, 72, 50, 36, 21,  0, 10, 14,  0, 46,100, 49, 7
 10, 89, 56,100, 76, 61, 65, 16, 37,  0,  0, 31, 50, 30,100, 30, 7
  1, 98, 52,100, 69, 65, 50, 23, 29,  0,  0, 37, 47, 42,100, 43, 7
  0, 80, 53,100,100, 77, 70, 38, 32,  2,  9,  0, 19, 27, 89, 34, 7
  1,100, 47, 96, 52, 60, 46, 24, 40,  0,  0, 26, 41, 37,100, 41, 7
 22,100, 69, 97, 73, 61, 56, 25, 32,  0,  0, 30, 46, 39,100, 40, 7
  0, 91, 35,100, 67, 72, 61, 35, 45,  0, 21, 13, 40, 27,100, 29, 7
  0, 91, 35,100,100, 97, 81, 63, 44, 32,  8,  0,  9, 14, 49, 29, 7
  0, 86, 26,100, 68, 97, 84, 62, 75, 19, 55,  0, 57, 23,100, 23, 7
  0, 90, 49,100, 60, 67, 55, 32, 65,  0, 21, 28, 28, 48,100, 53, 7
  0, 79, 24,100, 62, 84, 66, 53, 56, 22, 43,  0, 49, 24,100, 22, 7
  0, 94,  8, 99, 55,100, 95, 89,100, 65, 82, 41, 55, 20, 26,  0, 7
  0, 80, 24,100, 46, 69, 47, 30, 47,  0, 19, 30, 58, 36,100, 38, 7
  0,100, 67, 98, 87, 83, 57, 43, 35,  0,  9, 25, 32, 45,100, 45, 7
  0, 88, 48,100,100, 91, 73, 51, 51,  9, 41,  0, 21, 27, 78, 33, 7
  0,100, 16, 91, 69, 94,100, 90, 65, 70, 45, 45, 31, 18, 20,  0, 7
  0, 80, 57,100,100, 83, 78, 45, 47,  9, 16,  0, 19, 32, 86, 39, 7
  0, 89, 65,100, 85, 70, 51, 35, 19,  0, 12, 21, 29, 48,100, 46, 7
  0,100, 52,100, 88, 81, 73, 45, 58,  8, 36,  0, 39, 21,100, 19, 7
  0, 80, 50,100, 82, 72, 58, 34, 22,  0,  9,  7, 29, 38,100, 44, 7
  0,100, 45, 92,100, 78, 67, 39, 31,  1, 10,  0, 27, 28, 93, 34, 7
  0, 93, 51, 97,100,100, 77, 61, 56, 22, 38,  0, 23, 30, 76, 31, 7
  7, 94,  0,100, 57,100,100, 98, 58, 79, 33, 52, 19, 25, 22,  0, 7
  0, 91, 36,100, 58, 64, 42, 17, 23,  0, 22, 37, 61, 42,100, 47, 7
  0, 97, 63,100, 87, 75, 73, 32, 63,  0,  8, 26, 29, 39,100, 39, 7
  0, 99, 37,100, 72, 81, 73, 37, 49,  0, 33, 24, 62, 40,100, 44, 7
  0, 98, 46,100, 87, 84, 74, 42, 68,  0,100, 22, 93, 50, 44, 57, 7
  0,100, 61, 97, 81, 75, 60, 38, 40,  0, 15, 18, 37, 37,100, 38, 7
  0, 96, 50,100, 97, 86, 86, 51, 59, 18, 46,  0, 47, 32,100, 42, 7
  0,100, 33,100, 67, 99,100, 94, 89, 68, 67, 44, 51, 17, 50,  0, 7
  0, 87, 49,100,100, 90, 83, 46, 77,  0, 65,  4, 41, 32, 97, 40, 7
  0, 97, 62,100,100, 81, 81, 48, 55, 17, 26,  0, 10, 27, 73, 33, 7
  0, 95, 46,100, 87, 84, 78, 44, 63,  6, 42,  0, 41, 37,100, 44, 7
  0, 93, 32, 99, 81,100,100, 92, 84, 69, 70, 46, 60, 23, 59,  0, 7
  0,100, 55,100,100, 89, 72, 57, 46, 25, 33,  0, 10, 32, 69, 32, 7
 12, 93,  0, 97, 57,100,100, 88, 94, 66, 75, 43, 57, 22, 40,  0, 7
  0, 91,  0,100, 57, 99,100, 99, 64, 78, 45, 53, 37, 26, 44,  0, 7
  0, 81, 30,100,100, 94, 85, 68, 49, 33, 30,  0, 20, 40, 80, 49, 7
  0, 84, 48,100, 83, 77, 80, 38, 75,  0, 37, 12, 46, 34,100, 44, 7
  0, 89, 40,100, 64, 70, 55, 27, 38,  0, 15, 30, 57, 36,100, 39, 7
  0, 93,  8,100, 64, 98,100, 83, 88, 62, 64, 42, 42, 21, 35,  0, 7
  0, 88, 41,100, 91, 91, 73, 46, 50,  1, 32,  0, 45, 27,100, 37, 7
  0, 82, 38,100, 67, 79, 59, 39, 41,  0, 34, 16, 58, 40,100, 51, 7
  0, 90, 22,100, 39, 59, 37, 11, 31,  0, 21, 32, 60, 35,100, 39, 7
  0, 91, 40,100, 85, 91, 73, 46, 62,  0, 38,  3, 49, 32,100, 35, 7
  7, 89, 44,100,100, 80, 69, 40, 47,  0, 91, 15, 85, 35,  0, 35, 7
 34, 91,  0, 98, 42,100, 83, 94,100, 71, 86, 46, 62, 23, 46,  0, 7
  0, 97, 49,100,100, 95, 89, 60, 60, 28, 30,  0, 24, 36, 77, 39, 7
 25,100, 95, 96,100, 70, 72, 43, 55, 15, 45,  0,  0, 23, 43, 34, 7
  0, 90, 60,100,100, 83, 72, 47, 40, 13,  4,  0, 25, 29, 92, 29, 7
  0, 90, 48,100,100, 95, 82, 64, 56, 32, 42,  0, 17, 24, 70, 26, 7
  0,100, 27,100, 64, 99,100, 96, 78, 73, 50, 47, 33, 13, 36,  0, 7
  0, 95, 43,100, 89, 94, 73, 51, 62,  6, 47,  0, 51, 35,100, 38, 7
  0, 94, 73,100, 81, 64, 56, 27, 47,  0,  5, 34, 19, 45,100, 45, 7
  0, 66, 21,100, 50, 78, 42, 33, 24,  0,  9, 40, 54, 55,100, 69, 7
 48, 88,100,100, 92, 63, 56, 30, 16,  0,  0, 15, 30, 39, 91, 38, 7
  0, 97, 76,100,100, 74, 62, 40, 33,  6,  4,  0, 11, 22, 91, 24, 7
  0, 97, 55,100,100, 82, 87, 48, 64, 15, 41,  0, 15, 32, 69, 43, 7
 11,100, 59, 98, 58, 59, 42, 21, 25,  0,  0, 35, 49, 40,100, 41, 7
  0, 93, 57,100, 97, 75, 91, 37, 82,  0, 53, 16, 32, 41,100, 45, 7
 22, 94,  0, 92, 27,100,100, 99, 68, 51, 48,  0, 24, 24, 94, 36, 7
  0, 95, 57,100,100, 74, 73, 35, 32,  0,  5, 25, 34, 46,100, 47, 7
 19,100, 95,100,100, 72, 73, 43, 49, 13, 33,  0,  0, 25, 75, 32, 7
  0,100, 58,100, 89, 88, 74, 44, 61,  0, 22, 22, 41, 33,100, 29, 7
  0, 87, 37, 96, 98,100,100, 87, 80, 65, 63, 44, 52, 22, 62,  0, 7
  0, 97, 73,100, 76, 73, 64, 36, 62,  0, 38, 15,  3, 41,100, 42, 7
  0, 82, 56,100,100, 91, 71, 57, 38, 24,  3,  0,  5, 33, 70, 36, 7
  9, 90,  0,100, 60,100,100, 85, 87, 63, 60, 42, 31, 22, 17,  0, 7
  0, 97, 54,100,100, 93, 81, 55, 69, 16, 56,  0, 18, 32, 74, 42, 7
  0, 96, 50,100, 72, 69, 67, 34, 64,  0, 33, 25, 36, 40,100, 45, 7
  0, 91, 44,100, 80, 78, 75, 38, 58,  0, 48,  9, 52, 40,100, 40, 7
  2, 91, 80,100, 82, 67, 57, 33, 28,  0,  0, 17, 13, 40,100, 44, 7
  2, 91, 48,100, 63, 65, 51, 25, 30,  0,  0, 30, 50, 35,100, 35, 7
  0, 81, 40,100, 95, 84, 96, 41, 69,  0, 36,  9, 38, 36,100, 39, 7
  0, 84, 51,100, 70, 69, 56, 34, 37,  0, 24,  7, 31, 32,100, 34, 7
  0, 83, 35,100, 73, 89, 70, 45, 67,  0, 46, 10, 57, 32,100, 33, 7
  0, 93, 57,100,100, 84, 89, 45, 82,  5, 63,  0, 39, 26,100, 35, 7
  0, 79, 26,100, 55, 76, 37, 31, 16,  0, 11, 40, 55, 52,100, 62, 7
  0, 92, 40,100,100, 99, 84, 65, 48, 33, 13,  0, 12, 26, 74, 28, 7
  0, 89, 50,100, 85, 78, 70, 39, 56,  0, 30, 13, 43, 35,100, 45, 7
  0,100, 68, 94, 95, 77, 67, 47, 41, 15, 29,  0, 28, 30,100, 33, 7
 25,100, 82, 99, 81, 65, 51, 32, 14,  0,  0,  1, 14, 35,100, 42, 7
  5, 94, 66,100,100, 76, 98, 49, 71, 22, 34,  0,  0, 25, 78, 37, 7
  0, 97, 44, 99,100,100, 94, 98, 68, 75, 56, 50, 52, 25, 54,  0, 7
  0, 81, 38,100, 71, 82, 54, 41, 33,  0, 26, 14, 43, 46,100, 55, 7
 26, 88, 55,100, 86, 69, 78, 31, 67,  0,100, 33, 66, 45,  0, 45, 7
  0, 92, 45,100, 95, 92, 88, 48, 77,  4, 57,  0, 48, 35,100, 32, 7
  0, 95, 52,100,100, 89, 84, 57, 60, 27, 35,  0, 12, 29, 65, 35, 7
  0, 80, 44,100, 74, 70, 52, 33, 20,  0,  5, 30, 45, 41,100, 41, 7
  0, 95, 25, 97, 79,100,100, 92, 67, 72, 46, 49, 35, 25, 37,  0, 7
  0,100, 93,100,100, 78, 62, 40, 33,  0, 13,  5,  1, 39, 94, 43, 7
  0, 95, 28,100, 50, 69, 43, 27, 33,  0, 14, 36, 57, 36,100, 41, 7
  2, 91, 86,100, 98, 67, 61, 33, 19,  0,  0, 19,  8, 43,100, 40, 7
  0, 78, 34,100, 67, 83, 66, 40, 54,  0, 34, 28, 62, 46,100, 63, 7
 17, 98, 80,100,100, 67, 67, 33, 26,  0,  0,  7,  0, 23, 89, 19, 7
  0, 93, 39,100, 90, 89, 87, 45, 86,  0, 41, 13, 45, 36,100, 44, 7
 31, 94, 85,100,100, 77, 78, 49, 59, 21, 43,  0,  0, 19, 51, 25, 7
  0, 86,  7, 95, 64,100,100, 87, 86, 65, 66, 43, 48, 22, 51,  0, 7
  0, 97, 26,100, 68, 86, 51, 40, 20,  0, 15, 18, 43, 42,100, 47, 7
  0, 88, 42,100, 74, 90, 56, 44, 34,  0, 26, 31, 51, 55,100, 57, 7
  0, 80, 38,100, 66, 71, 57, 34, 38,  0, 31, 31, 46, 57,100, 68, 7
  0, 88, 25,100,100, 81, 89, 48, 55, 15, 26,  0,  0, 31, 98, 37, 7
 15, 94, 58,100,100, 70, 71, 34, 31,  0, 14, 30,  0, 57, 91, 57, 7
 15, 92,  0, 94, 56, 98,100,100, 66, 79, 46, 53, 37, 27, 43,  0, 7
  0, 98, 67,100,100, 72, 88, 36, 72,  0, 54,  0, 19, 31, 87, 32, 7
  0, 97, 62,100, 80, 76, 69, 38, 62,  0, 14, 18,  3, 39,100, 38, 7
  0, 81, 28,100, 44, 64, 43, 24, 37,  0,  5, 29, 51, 40,100, 47, 7
  0, 87, 64,100,100, 81, 74, 48, 41, 16,  3,  0,  9, 27, 78, 36, 7
  0, 90, 47,100, 86, 83, 66, 43, 55,  0, 41,  3, 40, 39,100, 36, 7
  0, 95, 14,100, 60, 99,100,100, 61, 86, 43, 58, 33, 29, 32,  0, 7
 36,100,100, 99, 82, 65, 60, 32, 36,  0,  0, 21, 25, 33, 92, 34, 7
  0, 92, 50,100, 78, 74, 61, 37, 43,  0, 24, 26, 44, 37,100, 37, 7
 17,100, 79, 92,100, 76, 72, 44, 49, 10, 24,  0,  0, 31, 71, 33, 7
  0, 82, 30,100, 64, 78, 50, 38, 55,  0, 25, 35, 46, 46,100, 44, 7
 10, 86,  0, 97, 50, 99,100,100, 79, 78, 63, 53, 50, 26, 47,  0, 7
  3, 97, 39,100,100, 79, 63, 39, 27,  0, 76,  7, 92, 33,  0, 35, 7
  0,100, 66, 99, 86, 79, 64, 40, 44,  0,  9, 20, 33, 44,100, 47, 7
  0,100, 64, 98,100, 80, 55, 41, 14,  0,  2,  5, 20, 30, 86, 36, 7
  0, 95, 53,100, 81, 67, 61, 24, 49,  0,  7, 29, 42, 42,100, 43, 7
  0, 86, 31,100, 65, 78, 59, 36, 44,  0, 21, 37, 54, 46,100, 55, 7
  0, 92, 46,100, 82, 76, 70, 38, 50,  0, 31, 10, 48, 34,100, 36, 7
  0, 97, 41,100, 59, 52, 45,  0, 17,  9,  5, 45, 52, 44,100, 39, 7
  0, 96, 26,100, 76,100,100, 99, 64, 80, 47, 54, 40, 26, 39,  0, 7
 12, 98, 63,100, 68, 56, 53, 11, 38,  0,  0, 37, 38, 44,100, 42, 7
  0, 89, 39, 98, 87,100, 85, 63, 77, 23, 72,  0, 53, 35,100, 41, 7
  0, 78, 36,100, 68, 72, 70, 35, 56,  0, 27, 21, 39, 50,100, 57, 7
  0, 95, 41,100, 66, 67, 59, 22, 47,  0, 20, 37, 55, 48,100, 51, 7
  0, 93, 51,100,100, 84, 75, 42, 50,  0, 30,  1, 36, 28, 94, 29, 7
  0, 95, 62,100, 96, 71, 58, 36, 31,  0,100, 20, 94, 38,  1, 42, 7
  0, 94, 50,100, 68, 71, 59, 35, 45,  0, 18, 27, 47, 40,100, 39, 7
  0, 92, 45,100, 53, 68, 40, 33, 31,  0,  5, 32, 47, 43,100, 45, 7
  0,100, 60, 97,100, 73, 82, 36, 64,  0, 88, 15, 89, 38, 23, 40, 7
  0, 88, 48, 98,100,100, 80, 67, 46, 34, 13,  0, 24, 32, 77, 41, 7
  0, 94, 39,100, 54, 63, 55, 20, 47,  0, 19, 32, 58, 35,100, 36, 7
  0,100, 49, 99, 83, 73, 79, 36, 67,  0, 51, 16, 47, 38,100, 38, 7
  0, 96, 21, 97, 79,100,100, 98, 67, 76, 48, 50, 33, 23, 31,  0, 7
  0, 83, 30,100, 61, 78, 64, 39, 52,  0, 31, 24, 61, 48,100, 57, 7
  0, 92, 35,100, 80, 99, 70, 53, 55,  0, 35, 13, 56, 31,100, 32, 7
  0,100, 53, 99, 66, 67, 59, 33, 53,  0, 36, 18, 38, 42,100, 42, 7
  0,100, 45, 99, 83, 79, 71, 39, 66,  0,100, 23, 55, 40,  6, 48, 7
  0, 93, 46,100, 94, 90, 83, 52, 69, 14, 49,  0, 49, 28,100, 28, 7
  2,100, 74,100,100, 76, 65, 46, 35, 15, 17,  0,  0, 33, 74, 37, 7
  0, 92, 44,100, 91, 93,100, 56, 85, 18, 61,  0, 40, 27, 86, 35, 7
 13, 96, 55,100,100, 74, 65, 37, 27,  0,  0, 23,  4, 51, 96, 55, 7
  7, 72,  0,100, 42,100,100,100, 90, 80, 61, 55, 39, 28, 23,  0, 7
  0, 92, 44,100,100, 92, 66, 62, 37, 31, 10,  0,  7, 19, 58, 31, 7
  0,100, 24, 98, 99,100,100, 90, 59, 70, 33, 47, 19, 23, 28,  0, 7
  0,100, 20, 98, 78, 98,100, 92, 61, 72, 33, 48, 15, 22, 25,  0, 7
  0, 89, 23,100, 79, 94, 73, 48, 51,  2, 31,  0, 42, 31,100, 30, 7
  0, 94, 52,100,100, 96, 93, 52, 85,  8, 62,  0, 36, 24, 91, 30, 7
 26,100, 85, 99, 89, 65, 59, 31, 37,  0,  0, 31, 23, 48,100, 49, 7
  0, 97, 30, 96, 71, 98,100,100, 67, 83, 47, 56, 32, 28, 24,  0, 7
  0, 87,  6, 97, 64,100,100, 93, 71, 72, 50, 49, 34, 25, 30,  0, 7
  0, 87, 56,100, 80, 70, 62, 35, 56,  0, 11, 28, 11, 43,100, 49, 7
  0, 96, 35,100, 50, 62, 36, 21, 16,  0,  2, 41, 46, 52,100, 55, 7
  0,100, 73, 98,100, 80, 77, 44, 61,  8, 36,  0,  3, 27, 78, 30, 7
  0, 98, 44,100, 69, 73, 52, 32, 37,  0, 16, 39, 51, 48,100, 49, 7
  0, 94, 59,100, 99, 76, 86, 37, 62,  0, 29, 14, 39, 35,100, 35, 7
  0, 99, 40,100, 66, 66, 58, 24, 38,  0, 11, 37, 42, 51,100, 53, 7
  2,100, 96, 97, 76, 67, 65, 33, 59,  0, 35,  9,  0, 37,100, 37, 7
  0, 93, 38,100, 96, 95,100, 57, 78, 20, 57,  0, 23, 32, 74, 38, 7
  0, 83, 38,100, 70, 76, 65, 37, 50,  0, 33, 14, 56, 37,100, 49, 7
  0, 91, 40,100, 64, 72, 54, 36, 45,  0, 13, 30, 45, 42,100, 45, 7
 25,100, 71, 93, 77, 57, 59, 20, 30,  0,  0, 28, 50, 25,100, 14, 7
  0, 87, 39,100, 73, 81, 68, 38, 47,  0, 22, 35, 59, 52,100, 64, 7
  0, 95, 36,100, 66, 85, 48, 43, 31,  0, 16, 25, 48, 46,100, 51, 7
  5,100, 52,100, 96, 79, 84, 38, 60,  0,100, 13, 53, 34,  0, 49, 7
 24,100, 77, 93,100, 72, 71, 48, 46, 23, 28,  0,  0, 24, 31, 35, 7
  0, 98, 57,100,100, 88, 75, 52, 61, 13, 55,  0, 30, 36, 77, 49, 7
  0, 91, 34,100,100, 77, 99, 38, 71,  0, 90,  7, 85, 30,  0, 25, 7
  0, 80, 47,100,100, 99, 82, 60, 50, 25, 23,  0, 33, 36, 89, 44, 7
  0, 99, 84,100,100, 74, 70, 44, 41, 15, 16,  0,  4, 27, 90, 27, 7
  0, 81, 41,100, 76, 81, 69, 40, 55,  0, 30, 16, 51, 31,100, 32, 7
  0,100, 62, 97,100, 76, 68, 46, 34, 17, 23,  0,  7, 33, 72, 36, 7
  0, 94, 47,100, 99, 92,100, 60, 75, 30, 52,  0, 22, 28, 67, 39, 7
  0,100, 14, 99, 63, 82, 61, 40, 34,  0, 17, 19, 45, 33,100, 39, 7
 13, 65,  0, 94, 38, 98, 78,100,100, 93, 83, 63, 67, 32, 57,  0, 7
  0, 96, 50,100,100, 94, 95, 60, 70, 27, 55,  0, 30, 25, 82, 23, 7
  0,100, 56, 96,100, 77, 73, 43, 45, 10, 53,  0, 85, 31, 30, 33, 7
  0, 83, 50,100, 92, 75, 66, 38, 36,  0, 34,  6, 28, 34,100, 36, 7
  0, 99, 48,100, 67, 84, 56, 43, 56,  0, 43,  1, 52, 29,100, 39, 7
  0,100, 62, 89, 71, 59, 54, 29, 40,  0,  2, 20,  5, 42,100, 49, 7
 34, 77, 77,100,100, 74, 75, 43, 40, 16,  0,  0,  0, 24, 79, 26, 7
  0,100, 60, 99, 68, 68, 59, 34, 54,  0,100, 15, 68, 35,  8, 44, 7
  0, 96, 43,100,100, 86, 75, 51, 48, 16, 33,  0, 17, 33, 88, 36, 7
  0, 82, 40,100, 97, 99, 99, 62, 81, 23, 56,  0, 40, 28,100, 32, 7
  0, 93, 43,100, 68, 75, 60, 38, 62,  0,100, 24, 83, 41, 34, 45, 7
  0, 88, 46,100, 83, 78, 66, 39, 45,  0, 15, 15, 32, 37,100, 38, 7
  0, 88, 39,100, 97, 87, 84, 47, 67,  7, 38,  0, 33, 26,100, 35, 7
  9, 92,  0, 96, 47,100, 93, 96,100, 71, 76, 47, 51, 23, 27,  0, 7
  0, 94, 39,100, 86,100,100, 88, 70, 69, 46, 47, 32, 24, 40,  0, 7
  0, 95, 51,100,100, 90, 72, 56, 50, 20, 36,  0, 17, 37, 69, 46, 7
  0, 93, 45,100, 87, 94, 71, 48, 60,  0, 39, 17, 53, 40,100, 37, 7
  0,100, 58, 92,100, 74, 76, 38, 63,  0, 96, 12, 81, 38, 24, 50, 7
  0, 96, 64,100,100, 73, 90, 41, 77,  8, 53,  0, 25, 26,100, 30, 7
 13, 95, 62,100, 72, 61, 58, 19, 37,  0,  0, 31, 47, 37,100, 35, 7
  0, 86, 42,100, 82, 78, 64, 36, 34,  0, 11, 22, 47, 36,100, 41, 7
  0, 93, 40,100, 60, 64, 61, 20, 55,  0, 25, 30, 57, 40,100, 42, 7
  0, 91, 30,100, 48, 70, 52, 33, 42,  0, 27, 26, 64, 28,100, 31, 7
  0, 83, 26, 90,100,100, 72, 68, 38, 34,  7,  0,  3, 19, 46, 41, 7
  0, 95, 63,100, 95, 85, 75, 43, 64,  0, 33, 14, 35, 43,100, 51, 7
  0, 88, 47,100,100, 94, 97, 62, 75, 31, 52,  0, 38, 22, 58, 43, 7
 32,100, 57, 90, 46, 51, 25, 15,  6,  0,  0, 38, 48, 46,100, 48, 7
  0, 98, 20, 99, 64,100,100, 88, 92, 64, 67, 43, 41, 22, 22,  0, 7
 29,100, 72, 80, 65, 52, 38, 25,  0,  0,  2, 22, 25, 47,100, 49, 7
  0, 94, 59,100, 86, 75, 72, 37, 61,  0, 37, 10, 28, 33,100, 35, 7
  0, 72, 29,100, 61, 82, 59, 34, 47,  0, 24, 40, 62, 49,100, 64, 7
  0, 88, 57,100, 78, 75, 60, 37, 42,  0, 21,  3, 35, 27,100, 32, 7
  6, 93, 75,100,100, 86, 63, 58, 28, 29,  0,  0, 10, 27, 52, 40, 7
  0,100, 39,100, 52, 67, 50, 32, 41,  0, 21, 32, 55, 43,100, 45, 7
  0, 92, 46,100,100, 92, 78, 51, 59,  9, 38,  0, 30, 28, 95, 30, 7
  0, 94, 62,100, 83, 71, 66, 35, 47,  0, 10, 20, 25, 38,100, 39, 7
  0, 96, 59,100,100, 74, 95, 36, 75,  0, 97,  7, 97, 28, 34, 30, 7
  0,100, 62, 99,100, 92, 66, 61, 43, 25, 21,  0, 11, 34, 73, 37, 7
  0, 97, 32, 99, 67, 99,100,100, 78, 77, 58, 51, 43, 22, 45,  0, 7
  0, 91, 25,100, 95, 87,100, 56, 71, 27, 39,  0,  8, 29, 72, 38, 7
  6, 85, 47,100, 76, 78, 56, 39, 36,  0,  0, 29, 47, 39,100, 33, 7
  0, 78, 23, 91, 61, 97,100,100, 87, 75, 78, 50, 71, 24, 68,  0, 7
  0, 80, 37,100, 69, 81, 66, 40, 57,  0, 33, 26, 55, 36,100, 38, 7
  8, 97, 74,100,100, 79, 71, 40, 38,  3,  5,  0,  0, 28, 68, 31, 7
  0, 98, 30,100, 66, 98,100, 93, 76, 71, 56, 46, 47, 17, 43,  0, 7
  0, 88, 49,100, 87, 83, 78, 48, 74, 14, 72,  0, 48, 31,100, 40, 7
  0, 78, 51,100,100, 79, 86, 44, 62, 11, 44,  0,  1, 28, 73, 34, 7
  0, 99, 63,100, 76, 68, 60, 34, 46,  0, 19, 16, 27, 34,100, 32, 7
  0,100, 24,100, 63, 99,100, 93, 81, 69, 57, 44, 39, 18, 32,  0, 7
  0, 96, 33,100, 79, 92, 57, 45, 26,  0, 13, 48, 53, 64,100, 60, 7
  6, 99, 77,100, 88, 68, 62, 35, 52,  0,  0, 22, 26, 31,100, 25, 7
  0, 80, 35,100, 50, 61, 33, 16, 10,  0, 18, 28, 59, 39,100, 53, 7
  0, 93, 44,100, 78, 72, 68, 33, 39,  0, 20, 24, 52, 44,100, 46, 7
  0,100, 58, 97, 80, 76, 52, 40, 41,  0,  4, 25, 32, 39,100, 42, 7
  0, 95, 39,100, 74, 76, 82, 33, 76,  0,100, 37, 59, 47, 16, 48, 7
  0, 99, 81,100, 93, 75, 65, 38, 40,  0, 24,  0, 15, 30,100, 32, 7
  0, 94, 26,100, 79, 96,100, 67, 81, 33, 57,  0, 18, 20, 63, 34, 7
  0, 86, 28,100, 47, 71, 23, 33, 14,  0,  0, 39, 48, 47,100, 52, 7
 15, 95, 77,100,100, 72, 70, 42, 31, 13,  0,  0, 17, 32, 95, 37, 7
  6, 97, 58,100,100, 85, 76, 56, 44, 29, 25,  0,  0, 29, 53, 37, 7
 22, 97, 62,100, 60, 62, 51, 24, 38,  0,  0, 31, 37, 42,100, 44, 7
  6, 97, 65,100,100, 82, 70, 56, 42, 28, 27,  0,  0, 27, 47, 38, 7
  0, 92, 33, 99, 84,100,100, 92, 67, 71, 45, 47, 30, 21, 27,  0, 7
  0, 98, 76,100, 84, 77, 58, 39, 37,  0, 15, 17, 23, 43,100, 43, 7
  0, 87, 43,100, 68, 58, 63,  8, 34,  0,  2, 29, 51, 34,100, 41, 7
  0, 92, 31, 97, 96,100,100, 74, 72, 37, 57,  0, 18, 33, 73, 37, 7
  0, 95,  3, 97, 69,100,100,100, 52, 80, 23, 55, 16, 26, 34,  0, 7
  0, 95, 45,100, 60, 64, 43, 20, 23,  0,  5, 39, 52, 40,100, 36, 7
  0, 85, 34,100,100, 94, 82, 45, 49,  0, 11,  3, 29, 31, 96, 31, 7
  0, 83, 33, 92,100,100, 95, 69, 60, 35, 30,  0, 26, 31, 86, 36, 7
  0, 96, 58,100, 86, 86, 65, 44, 55,  0, 38, 11, 38, 39,100, 42, 7
  0, 93, 40,100, 57, 56, 44,  5, 20,  0, 18, 34, 59, 44,100, 54, 7
  0, 81, 44,100,100, 86, 79, 45, 49,  5, 29,  0, 26, 34, 90, 32, 7
  0, 95, 53,100,100, 86, 98, 51, 80, 18, 55,  0, 33, 31, 87, 34, 7
  0,100, 46, 96, 91, 94,100, 82, 72, 59, 53, 33, 49,  5, 66,  0, 7
  5, 85, 44,100, 72, 71, 52, 33, 21,  0,  0, 34, 50, 41,100, 45, 7
  0,100, 22, 86, 60, 80,100, 80, 84, 65, 66, 42, 51, 18, 47,  0, 7
  0, 96, 43,100, 70, 70, 59, 29, 39,  0, 19, 39, 52, 45,100, 44, 7
  0, 75, 33,100, 66, 77, 68, 40, 60,  5, 51,  0, 48, 30,100, 33, 7
  0, 94, 48,100, 85, 80, 78, 41, 75,  0, 96,  1,100, 32, 45, 37, 7
  0, 87, 26,100, 95, 82, 88, 41, 63,  0, 27, 11, 15, 40,100, 43, 7
  0,100, 48, 91, 93, 84, 77, 41, 54,  0, 26,  7, 49, 27,100, 25, 7
  0, 90, 62,100,100, 82, 78, 48, 63, 13, 52,  0, 24, 31, 85, 44, 7
  0, 91, 27,100, 69, 83, 60, 42, 54,  0,100, 22, 76, 44, 23, 49, 7
  8, 83,  0, 96, 50, 99,100,100, 85, 79, 67, 53, 52, 26, 45,  0, 7
  0, 95, 36,100, 77, 83, 76, 40, 54,  0, 26, 24, 54, 34,100, 39, 7
  0, 85, 43,100, 92, 79,100, 45, 82, 13, 56,  0, 34, 31, 98, 39, 7
  0, 85, 41,100, 62, 73, 57, 36, 49,  0, 27, 20, 53, 32,100, 35, 7
  0, 98, 42,100, 65, 64, 47, 23, 21,  0,  3, 40, 51, 46,100, 49, 7
  0, 98, 72,100, 97, 82, 55, 43, 31,  0, 24,  2, 16, 39,100, 41, 7
  0, 94, 56,100,100, 83, 88, 52, 64, 23, 43,  0, 19, 29, 63, 43, 7
  0, 99, 57,100, 97, 80, 77, 40, 48,  3, 28,  0, 42, 28,100, 27, 7
  7, 94, 57,100, 56, 62, 41, 25, 30,  0,  0, 33, 41, 39,100, 38, 7
 19,100, 69, 92, 68, 53, 53, 15, 67,  0,100, 27, 54, 47,  0, 56, 7
  0, 88, 49,100, 85, 75, 71, 36, 48,  0, 13, 28, 44, 42,100, 46, 7
  0, 92, 53,100, 78, 70, 61, 34, 39,  0,  6, 29, 43, 39,100, 30, 7
  0, 82, 41,100, 75, 72, 68, 22, 42,  0, 11, 37, 54, 47,100, 46, 7
  0, 87, 31,100, 59, 74, 57, 33, 44,  0, 27, 37, 57, 47,100, 49, 7
 21, 98,  0,100, 54,100,100,100, 60, 81, 32, 57, 21, 29, 19,  0, 7
  0, 92, 55,100, 68, 67, 55, 32, 42,  0,  2, 28, 35, 44,100, 50, 7
  9, 92, 93,100,100, 76, 67, 38, 36,  0,  0,  6,  0, 32, 88, 37, 7
  0, 98, 54,100, 79, 67, 56, 31, 20,  0,  6, 33, 40, 49,100, 44, 7
  0, 93, 50,100, 90, 82, 73, 41, 56,  0, 29, 20, 47, 34,100, 32, 7
 14,100, 83,100,100, 84, 67, 48, 47,  9, 27,  0,  0, 33, 75, 32, 7
  0, 94, 61,100, 96, 73, 79, 36, 68,  0,100, 32, 88, 54, 17, 52, 7
  0, 76, 45,100, 88, 76, 71, 37, 45,  0, 35,  3, 29, 33,100, 36, 7
  0, 92, 35,100, 82, 80, 75, 40, 67,  0, 41,  8, 42, 33,100, 34, 7
  0, 91, 41,100,100, 94, 74, 62, 45, 31, 15,  0,  4, 16, 47, 32, 7
 10, 77, 54,100,100, 78, 75, 37, 36,  2,  0,  0, 21, 26, 89, 30, 7
  0, 79, 42,100, 57, 68, 50, 31, 53,  0, 24, 32, 44, 50,100, 53, 7
 11,100, 66, 96, 80, 65, 68, 31, 60,  0,100, 25, 56, 42,  0, 50, 7
  0, 91, 40,100, 65, 69, 62, 29, 48,  0, 16, 31, 51, 40,100, 48, 7
  0, 87,  3, 97, 52,100,100, 96,100, 70, 71, 47, 40, 24, 15,  0, 7
  0, 82, 37,100, 65, 73, 54, 36, 42,  0, 16, 32, 48, 42,100, 44, 7
  0, 93, 59,100,100, 80, 76, 46, 58, 12, 42,  0,  9, 32, 69, 42, 7
  9, 93, 41,100, 59, 59, 41, 16, 11,  0,  0, 37, 50, 34,100, 25, 7
 20, 85, 89,100,100, 68, 62, 34, 22,  0,  0, 12, 20, 32,100, 40, 7
  0, 86, 48,100, 92, 75, 84, 22, 46,  0,  2, 29, 49, 49,100, 62, 7
 32, 95, 89,100,100, 80, 64, 41, 47,  1, 31,  0,  0, 36, 91, 37, 7
  2, 63,  0, 92, 39, 96, 83,100,100, 87, 81, 59, 68, 30, 60,  0, 7
  0,100, 48, 97,100, 84, 86, 43, 76,  2, 98,  0, 95, 30, 40, 43, 7
  0, 91, 51,100, 79, 81, 64, 50, 58, 17, 55,  0, 41, 27,100, 34, 7
  0, 94, 45,100, 75, 76, 61, 38, 52,  0, 93, 14,100, 38, 37, 41, 7
  0, 92, 38,100, 80, 86, 66, 44, 60,  0, 45,  4, 53, 31,100, 29, 7
  0, 88, 40,100, 68, 82, 56, 40, 39,  0, 29, 27, 58, 44,100, 56, 7
  0, 96, 47, 95,100,100, 71, 73, 52, 37, 41,  0, 26, 20, 52, 33, 7
  0, 78,  0, 97, 50, 99,100,100, 90, 81, 64, 56, 42, 29, 27,  0, 7
  0, 87, 30,100, 67, 91, 58, 43, 38,  0, 30, 24, 57, 46,100, 49, 7
  0, 82, 35,100, 68, 81, 72, 39, 57,  0, 26, 23, 61, 40,100, 52, 7
  0, 89, 36,100, 58, 72, 54, 36, 56,  0, 28, 11, 48, 27,100, 30, 7
 18, 74, 29,100,100, 88, 73, 47, 31,  9,  0,  0, 14, 29, 96, 34, 7
  9, 97, 56,100, 91, 72, 74, 36, 58,  0,100, 22, 63, 34,  0, 34, 7
  1, 94,  0, 89, 49, 90,100,100, 99, 85, 79, 56, 63, 25, 54,  0, 7
  0, 89, 50,100,100, 89, 77, 53, 53, 16, 55,  0, 20, 29, 82, 39, 7
  0, 83, 38,100, 79, 90, 77, 47, 74,  4, 62,  0, 54, 32,100, 39, 7
  9, 91, 56,100,100, 87, 80, 43, 57,  0,  0, 22, 24, 34, 95, 36, 7
  0,100, 73, 99,100, 83, 83, 51, 67, 20, 43,  0,  2, 27, 70, 28, 7
  0, 96, 38,100, 75, 92, 70, 46, 62,  0, 49, 15, 63, 34,100, 38, 7
  0, 97, 77,100, 86, 70, 74, 40, 56, 10, 30,  0, 14, 25,100, 30, 7
  0, 73, 30,100, 74, 97, 69, 58, 53, 20, 54,  0, 53, 32,100, 38, 7
 11, 88, 74,100,100, 77, 69, 40, 37,  5,  6,  0,  0, 34, 72, 41, 7
  2, 91, 48,100, 68, 69, 52, 34, 37,  0,  0, 24, 43, 34,100, 31, 7
  9, 92, 56,100, 54, 58, 33, 18, 10,  0,  0, 36, 50, 38,100, 38, 7
 12, 99, 49,100,100, 93, 65, 62, 28, 32,  0,  0, 11, 35, 72, 39, 7
  0, 96, 42,100, 66, 73, 55, 36, 44,  0, 20, 31, 50, 44,100, 46, 7
  0, 93, 51,100,100, 89, 99, 59, 80, 28, 54,  0, 26, 27, 51, 45, 7
  0, 96, 31,100, 81, 93, 76, 48, 56,  1, 44,  0, 49, 32,100, 35, 7
  0, 91, 52,100, 92, 84, 73, 43, 62,  0, 42,  0, 45, 23,100, 28, 7
  0, 94, 45,100,100, 93, 85, 47, 73,  0, 44,  3, 29, 31, 92, 35, 7
  4, 97, 81,100,100, 67, 66, 33, 30,  0,  0,  9,  0, 36, 82, 35, 7
  0,100, 10, 90, 56, 91,100, 92, 69, 71, 40, 48, 17, 21, 12,  0, 7
 28, 65, 41,100, 63, 64, 55, 21, 31,  0,  0, 33, 50, 45,100, 58, 7
  8, 99, 48,100, 75, 68, 66, 25, 63,  0,100, 25, 51, 37,  0, 41, 7
  0, 97, 56,100, 93, 74, 92, 36, 74,  0,100, 21, 88, 42, 30, 43, 7
  0, 93, 34,100, 59, 75, 45, 36, 22,  0, 19, 31, 53, 46,100, 50, 7
  0,100, 73, 94, 95, 71, 74, 36, 62,  0, 41,  5, 24, 30,100, 35, 7
  0, 80, 58,100,100, 81, 62, 44, 26,  5, 30,  0,  8, 35, 75, 34, 7
  0,100, 40, 97,100, 83, 92, 53, 77, 23, 59,  0, 24, 25,100, 33, 7
  0, 86, 22,100, 58, 82, 38, 40, 16,  0,  5, 44, 51, 56,100, 63, 7
  0, 96, 47,100, 71, 70, 67, 35, 58,  0,100,  1, 74, 17, 19, 18, 7
  0, 91, 44,100, 58, 77, 48, 39, 47,  0, 25, 19, 53, 39,100, 47, 7
  0,100, 50, 93,100, 93, 91, 64, 74, 31, 54,  0, 18, 23, 66, 29, 7
  0, 90, 42, 99, 94,100, 96, 63, 84, 22, 68,  0, 47, 27,100, 25, 7
  9, 91, 71,100, 91, 68, 68, 34, 41,  0,  0, 15, 15, 32,100, 34, 7
  0, 95, 41, 97,100,100, 80, 67, 62, 23, 48,  0, 17, 38, 76, 42, 7
 25,100, 76, 95, 75, 63, 58, 29, 54,  0,100, 24, 61, 43,  0, 54, 7
  0, 80, 23,100, 94, 83,100, 50, 68, 19, 34,  0, 32, 34, 89, 50, 7
  0, 95, 52,100, 59, 75, 50, 37, 54,  0, 19,  5, 43, 27,100, 37, 7
  0, 83, 21,100, 62, 93, 57, 46, 51,  0, 29, 10, 56, 21,100, 28, 7
  0, 95, 43,100, 66, 65, 61, 25, 47,  0, 11, 32, 41, 44,100, 55, 7
  0,100, 67,100, 73, 69, 40, 35, 13,  0,  0, 23, 16, 47,100, 51, 7
  0, 84, 51,100, 90, 74, 77, 36, 57,  0, 37, 25, 32, 41,100, 49, 7
  0, 75, 34,100, 65, 66, 57, 10, 29,  0, 13, 41, 57, 51,100, 62, 7
  0, 80, 35,100, 99, 82,100, 45, 61, 12, 20,  0, 18, 34, 92, 31, 7
  1, 91, 51,100,100, 86, 62, 49, 33,  9, 15,  0,  0, 36, 75, 33, 7
  0,100, 45, 95,100, 89, 87, 48, 62,  9, 38,  0, 29, 37, 87, 40, 7
  0, 81, 42, 99, 92,100,100, 68, 78, 32, 60,  0, 47, 38, 89, 40, 7
  0, 77, 23,100, 67, 73, 64, 36, 41,  0,  6, 24, 33, 44,100, 45, 7
  0, 90, 28, 96, 86,100,100, 97, 71, 75, 55, 49, 44, 23, 42,  0, 7
  0, 73, 28,100, 68, 87, 69, 44, 63,  1, 45,  0, 54, 23,100, 32, 7
  0, 78, 23,100, 62, 79, 68, 40, 59,  0, 31, 18, 49, 39,100, 44, 7
  2, 93,  0, 97, 50, 98,100,100, 72, 78, 47, 53, 31, 26, 27,  0, 7
  0, 92, 20,100, 68, 94, 49, 46, 24,  0, 14, 16, 44, 48,100, 56, 7
  0, 89, 44,100, 92, 93,100, 61, 93, 29, 82,  0, 38, 18, 71, 32, 7
 14, 89, 52,100, 64, 61, 38, 21,  4,  0,  0, 39, 50, 46,100, 44, 7
  0, 82, 42,100, 77, 82, 62, 41, 47,  0, 15, 26, 50, 36,100, 30, 7
  0, 98, 35,100, 83, 99,100, 92, 63, 75, 39, 51, 30, 24, 37,  0, 7
  0, 93, 33,100, 74, 83, 84, 43, 79,  1, 59,  0, 51, 24,100, 29, 7
  0,100, 63, 98, 67, 66, 57, 32, 39,  0, 13, 19, 35, 36,100, 36, 7
  0, 90, 43,100, 90, 99, 85, 58, 78, 11, 55,  0, 53, 25,100, 32, 7
  0, 87, 40,100,100, 98, 89, 60, 78, 21, 62,  0, 25, 31, 61, 45, 7
 39, 94, 47,100, 47, 61, 26, 23,  3,  0,  0, 39, 50, 50,100, 63, 7
 10,100,  0, 99, 51,100, 95, 89,100, 67, 91, 44, 76, 22, 69,  0, 7
  3, 94,  0,100, 76,100,100, 92, 64, 70, 39, 46, 26, 21, 33,  0, 7
  0, 83, 40,100, 74, 78, 69, 39, 63,  0, 60,  7, 48, 34,100, 34, 7
  0, 95, 69,100, 99, 71, 82, 35, 63,  0, 40, 18, 26, 47,100, 50, 7
  0, 93, 49,100,100, 95, 99, 60, 79, 25, 58,  0, 44, 36, 90, 40, 7
  0, 84, 50,100,100, 86, 70, 44, 49,  0, 21,  8, 20, 28, 84, 30, 7
  0, 93, 64,100,100, 82, 78, 51, 52, 20, 27,  0,  1, 29, 63, 32, 7
  0, 95, 49,100,100, 98, 85, 63, 50, 31, 13,  0, 13, 27, 60, 29, 7
  0,100, 63,100, 79, 71, 61, 36, 47,  0, 21,  5, 36, 29,100, 31, 7
 25, 92, 71,100, 75, 62, 57, 25, 30,  0,  0, 32, 47, 39,100, 40, 7
  0, 96, 41,100, 61, 68, 47, 31, 31,  0, 12, 36, 46, 48,100, 47, 7
  0, 91, 47,100,100, 81, 88, 44, 60, 10, 37,  0, 24, 32, 96, 40, 7
 40, 93,  0, 99, 50,100,100, 99, 82, 88, 64, 60, 55, 30, 55,  0, 7
  0, 74, 33, 91, 92,100,100, 77, 71, 40, 52,  0, 37, 34, 69, 44, 7
  0, 84, 31,100, 43, 60, 39, 16, 27,  0, 14, 27, 57, 30,100, 33, 7
  0, 78, 29,100, 94, 86, 70, 48, 42, 11, 32,  0, 25, 36,100, 40, 7
